Energy(eV) Total_DOS
-44.853033 0.000000
-44.823933 0.000000
-44.794733 0.000000
-44.765533 0.000000
-44.736433 0.000000
-44.707233 0.000000
-44.678133 0.000000
-44.648933 0.000000
-44.619733 0.000000
-44.590633 0.000000
-44.561433 0.000000
-44.532333 0.000000
-44.503133 0.000000
-44.474033 0.000000
-44.444833 0.000000
-44.415633 0.000000
-44.386533 0.000000
-44.357333 0.000000
-44.328233 0.000000
-44.299033 0.000000
-44.269833 0.000000
-44.240733 0.000000
-44.211533 0.000000
-44.182433 0.000000
-44.153233 0.000000
-44.124133 0.000000
-44.094933 0.000000
-44.065733 0.000000
-44.036633 0.000000
-44.007433 0.000000
-43.978333 0.000000
-43.949133 0.000000
-43.920033 0.000000
-43.890833 0.000000
-43.861633 0.000000
-43.832533 0.000000
-43.803333 0.000000
-43.774233 0.000000
-43.745033 0.000000
-43.715833 0.000000
-43.686733 0.000000
-43.657533 0.000000
-43.628433 0.000000
-43.599233 0.000000
-43.570133 0.000000
-43.540933 0.000000
-43.511733 0.000000
-43.482633 0.000000
-43.453433 0.000000
-43.424333 0.000000
-43.395133 0.000000
-43.366033 0.000000
-43.336833 0.000000
-43.307633 0.000000
-43.278533 0.000000
-43.249333 0.000000
-43.220233 0.000000
-43.191033 0.000000
-43.161833 0.000000
-43.132733 0.000000
-43.103533 0.000000
-43.074433 0.000000
-43.045233 0.000000
-43.016133 0.000000
-42.986933 0.000000
-42.957733 0.000000
-42.928633 0.000000
-42.899433 0.000000
-42.870333 0.000000
-42.841133 0.000000
-42.811933 0.000000
-42.782833 0.000000
-42.753633 0.000000
-42.724533 0.000000
-42.695333 0.000000
-42.666233 0.000000
-42.637033 0.000000
-42.607833 0.000000
-42.578733 0.000000
-42.549533 0.000000
-42.520433 0.000000
-42.491233 0.000000
-42.462133 0.000000
-42.432933 0.000000
-42.403733 0.000000
-42.374633 0.000000
-42.345433 0.000000
-42.316333 0.000000
-42.287133 0.000000
-42.257933 0.000000
-42.228833 0.000000
-42.199633 39.613000
-42.170533 66.147000
-42.141333 28.407200
-42.112233 23.337100
-42.083033 28.925000
-42.053833 29.718300
-42.024733 23.155100
-41.995533 27.572900
-41.966433 46.851100
-41.937233 53.579900
-41.908133 80.506600
-41.878933 0.000000
-41.849733 0.000000
-41.820633 0.000000
-41.791433 0.000000
-41.762333 0.000000
-41.733133 0.000000
-41.703933 0.000000
-41.674833 0.000000
-41.645633 0.000000
-41.616533 0.000000
-41.587333 0.000000
-41.558233 0.000000
-41.529033 0.000000
-41.499833 0.000000
-41.470733 0.000000
-41.441533 0.000000
-41.412433 0.000000
-41.383233 0.000000
-41.354033 0.000000
-41.324933 0.000000
-41.295733 0.000000
-41.266633 0.000000
-41.237433 0.000000
-41.208333 0.000000
-41.179133 0.000000
-41.149933 0.000000
-41.120833 0.000000
-41.091633 0.000000
-41.062533 0.000000
-41.033333 0.000000
-41.004233 0.000000
-40.975033 0.000000
-40.945833 0.000000
-40.916733 0.000000
-40.887533 0.000000
-40.858433 0.000000
-40.829233 0.000000
-40.800033 0.000000
-40.770933 0.000000
-40.741733 0.000000
-40.712633 0.000000
-40.683433 0.000000
-40.654333 0.000000
-40.625133 0.000000
-40.595933 0.000000
-40.566833 0.000000
-40.537633 0.000000
-40.508533 0.000000
-40.479333 0.000000
-40.450233 0.000000
-40.421033 0.000000
-40.391833 0.000000
-40.362733 0.000000
-40.333533 0.000000
-40.304433 0.000000
-40.275233 0.000000
-40.246033 0.000000
-40.216933 0.000000
-40.187733 0.000000
-40.158633 0.000000
-40.129433 0.000000
-40.100333 0.000000
-40.071133 0.000000
-40.041933 0.000000
-40.012833 0.000000
-39.983633 0.000000
-39.954533 0.000000
-39.925333 0.000000
-39.896133 0.000000
-39.867033 0.000000
-39.837833 0.000000
-39.808733 0.000000
-39.779533 0.000000
-39.750433 0.000000
-39.721233 0.000000
-39.692033 0.000000
-39.662933 0.000000
-39.633733 0.000000
-39.604633 0.000000
-39.575433 0.000000
-39.546333 0.000000
-39.517133 0.000000
-39.487933 0.000000
-39.458833 0.000000
-39.429633 0.000000
-39.400533 0.000000
-39.371333 0.000000
-39.342133 0.000000
-39.313033 0.000000
-39.283833 0.000000
-39.254733 0.000000
-39.225533 0.000000
-39.196433 0.000000
-39.167233 0.000000
-39.138033 0.000000
-39.108933 0.000000
-39.079733 0.000000
-39.050633 0.000000
-39.021433 0.000000
-38.992333 0.000000
-38.963133 0.000000
-38.933933 0.000000
-38.904833 0.000000
-38.875633 0.000000
-38.846533 0.000000
-38.817333 0.000000
-38.788133 0.000000
-38.759033 0.000000
-38.729833 0.000000
-38.700733 0.000000
-38.671533 0.000000
-38.642433 0.000000
-38.613233 0.000000
-38.584033 0.000000
-38.554933 0.000000
-38.525733 0.000000
-38.496633 0.000000
-38.467433 0.000000
-38.438233 0.000000
-38.409133 0.000000
-38.379933 0.000000
-38.350833 0.000000
-38.321633 0.000000
-38.292533 0.000000
-38.263333 0.000000
-38.234133 0.000000
-38.205033 0.000000
-38.175833 0.000000
-38.146733 0.000000
-38.117533 0.000000
-38.088433 0.000000
-38.059233 0.000000
-38.030033 0.000000
-38.000933 0.000000
-37.971733 0.000000
-37.942633 0.000000
-37.913433 0.000000
-37.884233 0.000000
-37.855133 0.000000
-37.825933 0.000000
-37.796833 0.000000
-37.767633 0.000000
-37.738533 0.000000
-37.709333 0.000000
-37.680133 0.000000
-37.651033 0.000000
-37.621833 0.000000
-37.592733 0.000000
-37.563533 0.000000
-37.534433 0.000000
-37.505233 0.000000
-37.476033 0.000000
-37.446933 0.000000
-37.417733 0.000000
-37.388633 0.000000
-37.359433 0.000000
-37.330233 0.000000
-37.301133 0.000000
-37.271933 0.000000
-37.242833 0.000000
-37.213633 0.000000
-37.184533 0.000000
-37.155333 0.000000
-37.126133 0.000000
-37.097033 0.000000
-37.067833 0.000000
-37.038733 0.000000
-37.009533 0.000000
-36.980333 0.000000
-36.951233 0.000000
-36.922033 0.000000
-36.892933 0.000000
-36.863733 0.000000
-36.834633 0.000000
-36.805433 0.000000
-36.776233 0.000000
-36.747133 0.000000
-36.717933 0.000000
-36.688833 0.000000
-36.659633 0.000000
-36.630533 0.000000
-36.601333 0.000000
-36.572133 0.000000
-36.543033 0.000000
-36.513833 0.000000
-36.484733 0.000000
-36.455533 0.000000
-36.426333 0.000000
-36.397233 0.000000
-36.368033 0.000000
-36.338933 0.000000
-36.309733 0.000000
-36.280633 0.000000
-36.251433 0.000000
-36.222233 0.000000
-36.193133 0.000000
-36.163933 0.000000
-36.134833 0.000000
-36.105633 0.000000
-36.076533 0.000000
-36.047333 0.000000
-36.018133 0.000000
-35.989033 0.000000
-35.959833 0.000000
-35.930733 0.000000
-35.901533 0.000000
-35.872333 0.000000
-35.843233 0.000000
-35.814033 0.000000
-35.784933 0.000000
-35.755733 0.000000
-35.726633 0.000000
-35.697433 0.000000
-35.668233 0.000000
-35.639133 0.000000
-35.609933 0.000000
-35.580833 0.000000
-35.551633 0.000000
-35.522433 0.000000
-35.493333 0.000000
-35.464133 0.000000
-35.435033 0.000000
-35.405833 0.000000
-35.376733 0.000000
-35.347533 0.000000
-35.318333 0.000000
-35.289233 0.000000
-35.260033 0.000000
-35.230933 0.000000
-35.201733 0.000000
-35.172633 0.000000
-35.143433 0.000000
-35.114233 0.000000
-35.085133 0.000000
-35.055933 0.000000
-35.026833 0.000000
-34.997633 0.000000
-34.968433 0.000000
-34.939333 0.000000
-34.910133 0.000000
-34.881033 0.000000
-34.851833 0.000000
-34.822733 0.000000
-34.793533 0.000000
-34.764333 0.000000
-34.735233 0.000000
-34.706033 0.000000
-34.676933 0.000000
-34.647733 0.000000
-34.618633 0.000000
-34.589433 0.000000
-34.560233 0.000000
-34.531133 0.000000
-34.501933 0.000000
-34.472833 0.000000
-34.443633 0.000000
-34.414433 0.000000
-34.385333 0.000000
-34.356133 0.000000
-34.327033 0.000000
-34.297833 0.000000
-34.268733 0.000000
-34.239533 0.000000
-34.210333 0.000000
-34.181233 0.000000
-34.152033 0.000000
-34.122933 0.000000
-34.093733 0.000000
-34.064533 0.000000
-34.035433 0.000000
-34.006233 0.000000
-33.977133 0.000000
-33.947933 0.000000
-33.918833 0.000000
-33.889633 0.000000
-33.860433 0.000000
-33.831333 0.000000
-33.802133 0.000000
-33.773033 0.000000
-33.743833 0.000000
-33.714733 0.000000
-33.685533 0.000000
-33.656333 0.000000
-33.627233 0.000000
-33.598033 0.000000
-33.568933 0.000000
-33.539733 0.000000
-33.510533 0.000000
-33.481433 0.000000
-33.452233 0.000000
-33.423133 0.000000
-33.393933 0.000000
-33.364833 0.000000
-33.335633 0.000000
-33.306433 0.000000
-33.277333 0.000000
-33.248133 0.000000
-33.219033 0.000000
-33.189833 0.000000
-33.160733 0.000000
-33.131533 0.000000
-33.102333 0.000000
-33.073233 0.000000
-33.044033 0.000000
-33.014933 0.000000
-32.985733 0.000000
-32.956533 0.000000
-32.927433 0.000000
-32.898233 0.000000
-32.869133 0.000000
-32.839933 0.000000
-32.810833 0.000000
-32.781633 0.000000
-32.752433 0.000000
-32.723333 0.000000
-32.694133 0.000000
-32.665033 0.000000
-32.635833 0.000000
-32.606633 0.000000
-32.577533 0.000000
-32.548333 0.000000
-32.519233 0.000000
-32.490033 0.000000
-32.460933 0.000000
-32.431733 0.000000
-32.402533 0.000000
-32.373433 0.000000
-32.344233 0.000000
-32.315133 0.000000
-32.285933 0.000000
-32.256833 0.000000
-32.227633 0.000000
-32.198433 0.000000
-32.169333 0.000000
-32.140133 0.000000
-32.111033 0.000000
-32.081833 0.000000
-32.052633 0.000000
-32.023533 0.000000
-31.994333 0.000000
-31.965233 0.000000
-31.936033 0.000000
-31.906933 0.000000
-31.877733 0.000000
-31.848533 0.000000
-31.819433 0.000000
-31.790233 0.000000
-31.761133 0.000000
-31.731933 0.000000
-31.702833 0.000000
-31.673633 0.000000
-31.644433 0.000000
-31.615333 0.000000
-31.586133 0.000000
-31.557033 0.000000
-31.527833 0.000000
-31.498633 0.000000
-31.469533 0.000000
-31.440333 0.000000
-31.411233 0.000000
-31.382033 0.000000
-31.352933 0.000000
-31.323733 0.000000
-31.294533 0.000000
-31.265433 0.000000
-31.236233 0.000000
-31.207133 0.000000
-31.177933 0.000000
-31.148733 0.000000
-31.119633 0.000000
-31.090433 0.000000
-31.061333 0.000000
-31.032133 0.000000
-31.003033 0.000000
-30.973833 0.000000
-30.944633 0.000000
-30.915533 0.000000
-30.886333 0.000000
-30.857233 0.000000
-30.828033 0.000000
-30.798933 0.000000
-30.769733 0.000000
-30.740533 0.000000
-30.711433 0.000000
-30.682233 0.000000
-30.653133 0.000000
-30.623933 0.000000
-30.594733 0.000000
-30.565633 0.000000
-30.536433 0.000000
-30.507333 0.000000
-30.478133 0.000000
-30.449033 0.000000
-30.419833 0.000000
-30.390633 0.000000
-30.361533 0.000000
-30.332333 0.000000
-30.303233 0.000000
-30.274033 0.000000
-30.244933 0.000000
-30.215733 0.000000
-30.186533 0.000000
-30.157433 0.000000
-30.128233 0.000000
-30.099133 0.000000
-30.069933 0.000000
-30.040733 0.000000
-30.011633 0.000000
-29.982433 0.000000
-29.953333 0.000000
-29.924133 0.000000
-29.895033 0.000000
-29.865833 0.000000
-29.836633 0.000000
-29.807533 0.000000
-29.778333 0.000000
-29.749233 0.000000
-29.720033 0.000000
-29.690833 0.000000
-29.661733 0.000000
-29.632533 0.000000
-29.603433 0.000000
-29.574233 0.000000
-29.545133 0.000000
-29.515933 0.000000
-29.486733 0.000000
-29.457633 0.000000
-29.428433 0.000000
-29.399333 0.000000
-29.370133 0.000000
-29.341033 0.000000
-29.311833 0.000000
-29.282633 0.000000
-29.253533 0.000000
-29.224333 0.000000
-29.195233 0.000000
-29.166033 0.000000
-29.136833 0.000000
-29.107733 0.000000
-29.078533 0.000000
-29.049433 0.000000
-29.020233 0.000000
-28.991133 0.000000
-28.961933 0.000000
-28.932733 0.000000
-28.903633 0.000000
-28.874433 0.000000
-28.845333 0.000000
-28.816133 0.000000
-28.787033 0.000000
-28.757833 0.000000
-28.728633 0.000000
-28.699533 0.000000
-28.670333 0.000000
-28.641233 0.000000
-28.612033 0.000000
-28.582833 0.000000
-28.553733 0.000000
-28.524533 0.000000
-28.495433 0.000000
-28.466233 0.000000
-28.437133 0.000000
-28.407933 0.000000
-28.378733 0.000000
-28.349633 0.000000
-28.320433 0.000000
-28.291333 0.000000
-28.262133 0.000000
-28.232933 0.000000
-28.203833 0.000000
-28.174633 0.000000
-28.145533 0.000000
-28.116333 0.000000
-28.087233 0.000000
-28.058033 0.000000
-28.028833 0.000000
-27.999733 0.000000
-27.970533 0.000000
-27.941433 0.000000
-27.912233 0.000000
-27.883133 0.000000
-27.853933 0.000000
-27.824733 0.000000
-27.795633 0.000000
-27.766433 0.000000
-27.737333 0.000000
-27.708133 0.000000
-27.678933 0.000000
-27.649833 0.000000
-27.620633 0.000000
-27.591533 0.000000
-27.562333 0.000000
-27.533233 0.000000
-27.504033 0.000000
-27.474833 0.000000
-27.445733 0.000000
-27.416533 0.000000
-27.387433 0.000000
-27.358233 0.000000
-27.329133 0.000000
-27.299933 0.000000
-27.270733 0.000000
-27.241633 0.000000
-27.212433 0.000000
-27.183333 0.000000
-27.154133 0.000000
-27.124933 0.000000
-27.095833 0.000000
-27.066633 0.000000
-27.037533 0.000000
-27.008333 0.000000
-26.979233 0.000000
-26.950033 0.000000
-26.920833 0.000000
-26.891733 0.000000
-26.862533 0.000000
-26.833433 0.000000
-26.804233 0.000000
-26.775133 0.000000
-26.745933 0.000000
-26.716733 0.000000
-26.687633 0.000000
-26.658433 0.000000
-26.629333 0.000000
-26.600133 0.000000
-26.570933 0.000000
-26.541833 0.000000
-26.512633 0.000000
-26.483533 0.000000
-26.454333 0.000000
-26.425233 0.000000
-26.396033 0.000000
-26.366833 0.000000
-26.337733 0.000000
-26.308533 0.000000
-26.279433 0.000000
-26.250233 0.000000
-26.221033 0.000000
-26.191933 0.000000
-26.162733 0.000000
-26.133633 0.000000
-26.104433 0.000000
-26.075333 0.000000
-26.046133 0.000000
-26.016933 0.000000
-25.987833 0.000000
-25.958633 0.000000
-25.929533 0.000000
-25.900333 0.000000
-25.871233 0.000000
-25.842033 0.000000
-25.812833 0.000000
-25.783733 0.000000
-25.754533 0.000000
-25.725433 0.000000
-25.696233 0.000000
-25.667033 0.000000
-25.637933 0.000000
-25.608733 0.000000
-25.579633 0.000000
-25.550433 0.000000
-25.521333 0.000000
-25.492133 0.000000
-25.462933 0.000000
-25.433833 0.000000
-25.404633 0.000000
-25.375533 0.000000
-25.346333 0.000000
-25.317233 122.809500
-25.288033 49.943200
-25.258833 0.000000
-25.229733 0.000000
-25.200533 0.000000
-25.171433 0.000000
-25.142233 350.115000
-25.113033 0.000000
-25.083933 0.000000
-25.054733 0.000000
-25.025633 0.000000
-24.996433 0.000000
-24.967333 0.000000
-24.938133 0.000000
-24.908933 0.000000
-24.879833 0.000000
-24.850633 0.000000
-24.821533 0.000000
-24.792333 0.000000
-24.763133 0.000000
-24.734033 0.000000
-24.704833 0.000000
-24.675733 0.000000
-24.646533 0.000000
-24.617433 0.000000
-24.588233 0.000000
-24.559033 0.000000
-24.529933 0.000000
-24.500733 0.000000
-24.471633 0.000000
-24.442433 0.000000
-24.413333 0.000000
-24.384133 0.000000
-24.354933 0.000000
-24.325833 0.000000
-24.296633 0.000000
-24.267533 0.000000
-24.238333 0.000000
-24.209133 0.000000
-24.180033 0.000000
-24.150833 0.000000
-24.121733 0.000000
-24.092533 0.000000
-24.063433 0.000000
-24.034233 0.000000
-24.005033 0.000000
-23.975933 0.000000
-23.946733 0.000000
-23.917633 0.000000
-23.888433 0.000000
-23.859333 0.000000
-23.830133 0.000000
-23.800933 0.000000
-23.771833 0.000000
-23.742633 0.000000
-23.713533 0.000000
-23.684333 0.000000
-23.655133 0.000000
-23.626033 0.000000
-23.596833 0.000000
-23.567733 0.000000
-23.538533 0.000000
-23.509433 0.000000
-23.480233 0.000000
-23.451033 0.000000
-23.421933 0.000000
-23.392733 0.000000
-23.363633 0.000000
-23.334433 0.000000
-23.305233 0.000000
-23.276133 0.000000
-23.246933 0.000000
-23.217833 0.000000
-23.188633 0.000000
-23.159533 0.000000
-23.130333 0.000000
-23.101133 0.000000
-23.072033 0.000000
-23.042833 0.000000
-23.013733 0.000000
-22.984533 0.000000
-22.955433 0.000000
-22.926233 0.000000
-22.897033 0.000000
-22.867933 0.000000
-22.838733 0.000000
-22.809633 0.000000
-22.780433 0.000000
-22.751233 0.000000
-22.722133 0.000000
-22.692933 0.000000
-22.663833 0.000000
-22.634633 0.000000
-22.605533 0.000000
-22.576333 0.000000
-22.547133 0.000000
-22.518033 0.000000
-22.488833 0.000000
-22.459733 0.000000
-22.430533 0.000000
-22.401433 0.000000
-22.372233 0.000000
-22.343033 0.000000
-22.313933 0.000000
-22.284733 0.000000
-22.255633 0.000000
-22.226433 0.000000
-22.197233 0.000000
-22.168133 0.000000
-22.138933 0.000000
-22.109833 0.000000
-22.080633 0.000000
-22.051533 0.000000
-22.022333 0.000000
-21.993133 0.000000
-21.964033 0.000000
-21.934833 0.000000
-21.905733 0.000000
-21.876533 0.000000
-21.847333 0.000000
-21.818233 0.000000
-21.789033 0.000000
-21.759933 0.000000
-21.730733 0.000000
-21.701633 0.000000
-21.672433 0.000000
-21.643233 0.000000
-21.614133 0.000000
-21.584933 0.000000
-21.555833 0.000000
-21.526633 0.000000
-21.497533 0.000000
-21.468333 0.000000
-21.439133 0.000000
-21.410033 0.000000
-21.380833 0.000000
-21.351733 0.000000
-21.322533 0.000000
-21.293333 0.000000
-21.264233 0.000000
-21.235033 0.000000
-21.205933 0.000000
-21.176733 0.000000
-21.147633 0.000000
-21.118433 0.000000
-21.089233 0.000000
-21.060133 0.000000
-21.030933 0.000000
-21.001833 0.000000
-20.972633 0.000000
-20.943533 0.000000
-20.914333 0.000000
-20.885133 0.000000
-20.856033 0.000000
-20.826833 0.000000
-20.797733 0.000000
-20.768533 0.000000
-20.739333 0.000000
-20.710233 0.000000
-20.681033 0.000000
-20.651933 0.000000
-20.622733 0.000000
-20.593633 0.000000
-20.564433 0.000000
-20.535233 0.000000
-20.506133 0.000000
-20.476933 0.000000
-20.447833 0.000000
-20.418633 0.000000
-20.389433 0.000000
-20.360333 0.000000
-20.331133 0.000000
-20.302033 0.000000
-20.272833 0.000000
-20.243733 0.000000
-20.214533 0.000000
-20.185333 0.000000
-20.156233 0.000000
-20.127033 0.000000
-20.097933 0.000000
-20.068733 0.000000
-20.039633 0.000000
-20.010433 0.000000
-19.981233 0.000000
-19.952133 0.000000
-19.922933 0.000000
-19.893833 0.000000
-19.864633 0.000000
-19.835433 0.000000
-19.806333 0.000000
-19.777133 0.000000
-19.748033 0.000000
-19.718833 0.000000
-19.689733 0.000000
-19.660533 0.000000
-19.631333 0.000000
-19.602233 0.000000
-19.573033 0.000000
-19.543933 0.000000
-19.514733 0.000000
-19.485633 0.000000
-19.456433 0.000000
-19.427233 0.000000
-19.398133 0.000000
-19.368933 0.000000
-19.339833 0.000000
-19.310633 0.000000
-19.281433 0.000000
-19.252333 0.000000
-19.223133 0.000000
-19.194033 0.000000
-19.164833 0.000000
-19.135733 0.000000
-19.106533 0.000000
-19.077333 0.000000
-19.048233 0.000000
-19.019033 0.000000
-18.989933 0.000000
-18.960733 0.000000
-18.931533 0.000000
-18.902433 0.000000
-18.873233 0.000000
-18.844133 0.000000
-18.814933 0.000000
-18.785833 0.000000
-18.756633 0.000000
-18.727433 0.000000
-18.698333 0.000000
-18.669133 0.000000
-18.640033 0.000000
-18.610833 0.000000
-18.581733 0.000000
-18.552533 0.000000
-18.523333 0.000000
-18.494233 0.000000
-18.465033 0.000000
-18.435933 0.000000
-18.406733 0.000000
-18.377533 0.000000
-18.348433 0.000000
-18.319233 0.000000
-18.290133 0.000000
-18.260933 0.000000
-18.231833 0.000000
-18.202633 0.000000
-18.173433 0.000000
-18.144333 0.000000
-18.115133 0.000000
-18.086033 0.000000
-18.056833 0.000000
-18.027733 0.000000
-17.998533 0.000000
-17.969333 0.000000
-17.940233 0.000000
-17.911033 0.000000
-17.881933 0.000000
-17.852733 0.000000
-17.823533 0.000000
-17.794433 0.000000
-17.765233 0.000000
-17.736133 0.000000
-17.706933 0.000000
-17.677833 0.000000
-17.648633 0.000000
-17.619433 0.000000
-17.590333 0.000000
-17.561133 0.000000
-17.532033 0.000000
-17.502833 0.000000
-17.473633 0.000000
-17.444533 0.000000
-17.415333 0.000000
-17.386233 0.000000
-17.357033 0.000000
-17.327933 0.000000
-17.298733 0.000000
-17.269533 0.000000
-17.240433 0.000000
-17.211233 0.000000
-17.182133 0.000000
-17.152933 0.000000
-17.123833 0.000000
-17.094633 0.000000
-17.065433 0.000000
-17.036333 0.000000
-17.007133 0.000000
-16.978033 0.000000
-16.948833 0.000000
-16.919633 0.000000
-16.890533 0.000000
-16.861333 0.000000
-16.832233 0.000000
-16.803033 0.000000
-16.773933 0.000000
-16.744733 0.000000
-16.715533 0.000000
-16.686433 0.000000
-16.657233 0.000000
-16.628133 0.000000
-16.598933 0.000000
-16.569833 0.000000
-16.540633 0.000000
-16.511433 0.000000
-16.482333 0.000000
-16.453133 0.000000
-16.424033 0.000000
-16.394833 0.000000
-16.365633 0.000000
-16.336533 0.000000
-16.307333 0.000000
-16.278233 0.000000
-16.249033 0.000000
-16.219933 0.000000
-16.190733 0.000000
-16.161533 0.000000
-16.132433 0.000000
-16.103233 0.000000
-16.074133 0.000000
-16.044933 0.000000
-16.015733 0.000000
-15.986633 0.000000
-15.957433 0.000000
-15.928333 0.000000
-15.899133 0.000000
-15.870033 0.000000
-15.840833 0.000000
-15.811633 0.000000
-15.782533 0.000000
-15.753333 0.000000
-15.724233 0.000000
-15.695033 0.000000
-15.665933 0.000000
-15.636733 0.000000
-15.607533 0.000000
-15.578433 0.000000
-15.549233 0.000000
-15.520133 0.000000
-15.490933 0.000000
-15.461733 0.000000
-15.432633 0.000000
-15.403433 0.000000
-15.374333 0.000000
-15.345133 0.000000
-15.316033 0.000000
-15.286833 0.000000
-15.257633 0.000000
-15.228533 0.000000
-15.199333 0.000000
-15.170233 0.000000
-15.141033 0.000000
-15.111933 0.000000
-15.082733 0.000000
-15.053533 0.000000
-15.024433 0.000000
-14.995233 0.000000
-14.966133 0.000000
-14.936933 0.000000
-14.907733 0.000000
-14.878633 0.000000
-14.849433 0.000000
-14.820333 0.000000
-14.791133 0.000000
-14.762033 0.000000
-14.732833 0.000000
-14.703633 0.000000
-14.674533 0.000000
-14.645333 0.000000
-14.616233 0.000000
-14.587033 0.000000
-14.557833 0.000000
-14.528733 0.000000
-14.499533 0.000000
-14.470433 0.000000
-14.441233 0.000000
-14.412133 0.000000
-14.382933 0.000000
-14.353733 0.000000
-14.324633 0.000000
-14.295433 0.000000
-14.266333 0.000000
-14.237133 0.000000
-14.208033 0.000000
-14.178833 0.000000
-14.149633 0.000000
-14.120533 0.000000
-14.091333 0.000000
-14.062233 0.000000
-14.033033 0.000000
-14.003833 0.000000
-13.974733 0.000000
-13.945533 0.000000
-13.916433 0.000000
-13.887233 0.000000
-13.858133 0.000000
-13.828933 0.000000
-13.799733 0.000000
-13.770633 0.000000
-13.741433 0.000000
-13.712333 0.000000
-13.683133 0.000000
-13.654033 0.000000
-13.624833 0.000000
-13.595633 0.000000
-13.566533 0.000000
-13.537333 0.000000
-13.508233 0.000000
-13.479033 0.000000
-13.449833 0.000000
-13.420733 0.000000
-13.391533 0.000000
-13.362433 0.000000
-13.333233 0.000000
-13.304133 0.000000
-13.274933 0.000000
-13.245733 0.000000
-13.216633 0.000000
-13.187433 0.000000
-13.158333 0.000000
-13.129133 0.000000
-13.099933 0.000000
-13.070833 0.000000
-13.041633 0.000000
-13.012533 0.000000
-12.983333 0.000000
-12.954233 0.000000
-12.925033 0.000000
-12.895833 0.000000
-12.866733 0.000000
-12.837533 0.000000
-12.808433 0.000000
-12.779233 0.000000
-12.750133 0.000000
-12.720933 0.000000
-12.691733 0.000000
-12.662633 0.000000
-12.633433 0.000000
-12.604333 0.000000
-12.575133 0.000000
-12.545933 0.000000
-12.516833 0.000000
-12.487633 0.000000
-12.458533 0.000000
-12.429333 0.000000
-12.400233 0.000000
-12.371033 0.000000
-12.341833 0.000000
-12.312733 0.000000
-12.283533 0.000000
-12.254433 0.000000
-12.225233 0.000000
-12.196133 0.000000
-12.166933 0.000000
-12.137733 0.000000
-12.108633 0.000000
-12.079433 0.000000
-12.050333 0.000000
-12.021133 0.000000
-11.991933 0.000000
-11.962833 0.000000
-11.933633 0.000000
-11.904533 0.000000
-11.875333 0.000000
-11.846233 0.000000
-11.817033 0.000000
-11.787833 0.000000
-11.758733 0.000000
-11.729533 0.000000
-11.700433 0.000000
-11.671233 0.000000
-11.642033 0.000000
-11.612933 0.000000
-11.583733 0.000000
-11.554633 0.000000
-11.525433 0.000000
-11.496333 0.000000
-11.467133 0.000000
-11.437933 0.000000
-11.408833 0.000000
-11.379633 0.000000
-11.350533 0.000000
-11.321333 0.000000
-11.292233 0.000000
-11.263033 0.000000
-11.233833 0.000000
-11.204733 0.000000
-11.175533 0.000000
-11.146433 0.000000
-11.117233 0.000000
-11.088033 0.000000
-11.058933 0.000000
-11.029733 0.000000
-11.000633 0.000000
-10.971433 0.000000
-10.942333 0.000000
-10.913133 0.000000
-10.883933 0.000000
-10.854833 0.000000
-10.825633 0.000000
-10.796533 0.000000
-10.767333 0.000000
-10.738233 0.000000
-10.709033 0.000000
-10.679833 0.000000
-10.650733 0.000000
-10.621533 0.000000
-10.592433 0.000000
-10.563233 0.000000
-10.534033 0.000000
-10.504933 0.000000
-10.475733 0.000000
-10.446633 0.000000
-10.417433 0.030000
-10.388333 0.132100
-10.359133 0.139900
-10.329933 0.172800
-10.300833 0.210900
-10.271633 0.240600
-10.242533 0.255400
-10.213333 0.276300
-10.184133 0.300400
-10.155033 0.325200
-10.125833 0.346400
-10.096733 0.370400
-10.067533 0.389600
-10.038433 0.408400
-10.009233 0.428900
-9.980033 0.449600
-9.950933 0.472800
-9.921733 0.494900
-9.892633 0.518100
-9.863433 0.542200
-9.834333 0.563800
-9.805133 0.586400
-9.775933 0.611500
-9.746833 0.638500
-9.717633 0.665400
-9.688533 0.692800
-9.659333 0.721000
-9.630133 0.749900
-9.601033 0.782700
-9.571833 0.817700
-9.542733 0.855800
-9.513533 0.895600
-9.484433 0.937200
-9.455233 0.983400
-9.426033 1.035100
-9.396933 1.094300
-9.367733 1.158400
-9.338633 1.237700
-9.309433 1.325000
-9.280333 1.426200
-9.251133 1.504000
-9.221933 1.559700
-9.192833 1.679700
-9.163633 1.800600
-9.134533 1.903600
-9.105333 2.039600
-9.076133 2.281300
-9.047033 2.626500
-9.017833 3.293600
-8.988733 3.932400
-8.959533 4.078600
-8.930433 4.408900
-8.901233 4.059100
-8.872033 4.064500
-8.842933 4.686700
-8.813733 0.000000
-8.784633 0.000000
-8.755433 0.000000
-8.726233 0.022900
-8.697133 0.058800
-8.667933 0.073100
-8.638833 0.105000
-8.609633 0.129400
-8.580533 0.141300
-8.551333 0.158000
-8.522133 0.175000
-8.493033 0.193900
-8.463833 0.214000
-8.434733 0.235500
-8.405533 0.251200
-8.376433 0.267700
-8.347233 0.283800
-8.318033 0.303400
-8.288933 0.324300
-8.259733 0.346500
-8.230633 0.369100
-8.201433 0.391000
-8.172233 0.412000
-8.143133 0.436200
-8.113933 0.460100
-8.084833 0.484300
-8.055633 0.508900
-8.026533 0.534000
-7.997333 0.560600
-7.968133 0.590400
-7.939033 0.624400
-7.909833 0.658700
-7.880733 0.694000
-7.851533 0.730200
-7.822433 0.767200
-7.793233 0.804800
-7.764033 0.845600
-7.734933 0.888900
-7.705733 0.942600
-7.676633 1.005500
-7.647433 1.073800
-7.618233 1.144400
-7.589133 1.224900
-7.559933 1.312500
-7.530833 1.446200
-7.501633 1.703100
-7.472533 1.788900
-7.443333 1.832600
-7.414133 1.868300
-7.385033 1.882700
-7.355833 1.890700
-7.326733 1.932100
-7.297533 1.999800
-7.268333 2.162000
-7.239233 2.096300
-7.210033 2.102200
-7.180933 2.069600
-7.151733 2.082200
-7.122633 2.122300
-7.093433 1.927600
-7.064233 1.626400
-7.035133 1.458100
-7.005933 1.324200
-6.976833 1.253900
-6.947633 1.168000
-6.918533 1.106100
-6.889333 1.041400
-6.860133 0.988300
-6.831033 0.943300
-6.801833 0.884300
-6.772733 0.845700
-6.743533 0.811500
-6.714333 0.776900
-6.685233 0.759800
-6.656033 0.722900
-6.626933 0.624300
-6.597733 0.646100
-6.568633 0.000000
-6.539433 0.000000
-6.510233 0.000000
-6.481133 0.000000
-6.451933 0.000000
-6.422833 0.000000
-6.393633 0.000000
-6.364533 0.000000
-6.335333 0.000000
-6.306133 0.000000
-6.277033 0.000000
-6.247833 0.000000
-6.218733 0.000000
-6.189533 0.000000
-6.160333 0.000000
-6.131233 0.000000
-6.102033 0.000000
-6.072933 0.000000
-6.043733 0.000000
-6.014633 0.000000
-5.985433 0.000000
-5.956233 0.000000
-5.927133 0.000000
-5.897933 0.000000
-5.868833 0.000000
-5.839633 0.000000
-5.810433 0.000000
-5.781333 0.000000
-5.752133 0.000000
-5.723033 0.000000
-5.693833 0.000000
-5.664733 0.000000
-5.635533 0.000000
-5.606333 0.000000
-5.577233 0.000200
-5.548033 0.046400
-5.518933 0.238000
-5.489733 0.311400
-5.460633 0.472900
-5.431433 0.886400
-5.402233 1.100400
-5.373133 1.378400
-5.343933 1.554700
-5.314833 1.730900
-5.285633 1.901800
-5.256433 2.111400
-5.227333 2.367400
-5.198133 2.710400
-5.169033 3.222200
-5.139833 3.389900
-5.110733 3.527500
-5.081533 3.681500
-5.052333 3.742500
-5.023233 3.739800
-4.994033 3.828100
-4.964933 4.043100
-4.935733 4.202900
-4.906633 3.597700
-4.877433 3.284800
-4.848233 3.049800
-4.819133 2.799400
-4.789933 2.572000
-4.760833 2.418200
-4.731633 2.215300
-4.702433 1.960400
-4.673333 1.626800
-4.644133 1.360200
-4.615033 1.245400
-4.585833 1.150100
-4.556733 1.093300
-4.527533 1.251500
-4.498333 2.998000
-4.469233 3.362400
-4.440033 3.239400
-4.410933 3.314600
-4.381733 3.254700
-4.352633 3.024300
-4.323433 2.921000
-4.294233 2.902900
-4.265133 2.917400
-4.235933 2.901900
-4.206833 2.879000
-4.177633 2.822700
-4.148433 2.849500
-4.119333 2.828900
-4.090133 2.899300
-4.061033 2.883500
-4.031833 3.322200
-4.002733 3.021700
-3.973533 3.065300
-3.944333 3.423600
-3.915233 3.544500
-3.886033 3.921600
-3.856933 3.620000
-3.827733 3.765100
-3.798533 4.173500
-3.769433 4.901400
-3.740233 5.914900
-3.711133 6.812500
-3.681933 5.540200
-3.652833 4.270500
-3.623633 3.494000
-3.594433 2.979700
-3.565333 2.393500
-3.536133 2.204500
-3.507033 2.231600
-3.477833 2.317200
-3.448733 2.656000
-3.419533 3.299400
-3.390333 3.926700
-3.361233 4.325200
-3.332033 4.642500
-3.302933 5.556400
-3.273733 7.159000
-3.244533 7.414400
-3.215433 6.539900
-3.186233 6.715300
-3.157133 7.292800
-3.127933 6.796700
-3.098833 7.348000
-3.069633 7.120600
-3.040433 7.635200
-3.011333 8.154300
-2.982133 7.776500
-2.953033 7.366500
-2.923833 7.063300
-2.894733 7.397800
-2.865533 8.215100
-2.836333 9.354600
-2.807233 8.767000
-2.778033 7.618100
-2.748933 6.318900
-2.719733 5.726000
-2.690533 5.077800
-2.661433 4.538400
-2.632233 4.020000
-2.603133 3.563700
-2.573933 3.207700
-2.544833 2.578200
-2.515633 2.136200
-2.486433 1.687500
-2.457333 1.395100
-2.428133 1.323100
-2.399033 1.478400
-2.369833 1.911600
-2.340633 2.482500
-2.311533 3.376000
-2.282333 4.490800
-2.253233 5.021800
-2.224033 4.615000
-2.194933 4.283800
-2.165733 4.119000
-2.136533 4.193600
-2.107433 4.534100
-2.078233 5.314400
-2.049133 6.389300
-2.019933 6.350700
-1.990833 5.719300
-1.961633 5.343300
-1.932433 5.088000
-1.903333 5.044400
-1.874133 5.668000
-1.845033 5.058400
-1.815833 4.908800
-1.786633 5.066300
-1.757533 5.198000
-1.728333 5.402300
-1.699233 5.540000
-1.670033 5.807200
-1.640933 6.063500
-1.611733 6.122200
-1.582533 6.445800
-1.553433 7.038100
-1.524233 6.298000
-1.495133 5.612000
-1.465933 6.592900
-1.436833 6.257700
-1.407633 6.458100
-1.378433 6.360300
-1.349333 6.273300
-1.320133 6.260500
-1.291033 6.227100
-1.261833 6.094300
-1.232633 5.985800
-1.203533 5.737800
-1.174333 5.561100
-1.145233 5.295500
-1.116033 5.019400
-1.086933 4.929100
-1.057733 5.041800
-1.028533 4.891500
-0.999433 5.115600
-0.970233 5.084400
-0.941133 5.107200
-0.911933 5.224700
-0.882733 5.016000
-0.853633 4.867500
-0.824433 4.962500
-0.795333 5.588500
-0.766133 5.635800
-0.737033 6.379900
-0.707833 9.654200
-0.678633 4.436800
-0.649533 3.859600
-0.620333 3.186400
-0.591233 2.813300
-0.562033 2.863600
-0.532933 2.329000
-0.503733 2.170200
-0.474533 2.169500
-0.445433 2.379600
-0.416233 2.533700
-0.387133 2.600000
-0.357933 2.799500
-0.328733 3.037900
-0.299633 3.123900
-0.270433 2.982900
-0.241333 2.992900
-0.212133 3.141200
-0.183033 3.516600
-0.153833 3.579300
-0.124633 3.662200
-0.095533 3.303500
-0.066333 2.803200
-0.037233 2.507700
-0.008033 2.378200
0.021067 2.259700
0.050267 2.159100
0.079467 2.108100
0.108567 2.102500
0.137767 2.113200
0.166867 2.100200
0.196067 2.029200
0.225267 1.950100
0.254367 1.875600
0.283567 1.808700
0.312667 1.756400
0.341867 1.705300
0.370967 1.657000
0.400167 1.631200
0.429367 1.616700
0.458467 1.600100
0.487667 1.584900
0.516767 1.571700
0.545967 1.549000
0.575167 1.534000
0.604267 1.527400
0.633467 1.522400
0.662567 1.521100
0.691767 1.510100
0.720867 1.477900
0.750067 1.460900
0.779267 1.455300
0.808367 1.461400
0.837567 1.472000
0.866667 1.490500
0.895867 1.513500
0.924967 1.535200
0.954167 1.567200
0.983367 1.626900
1.012467 2.642900
1.041667 2.555600
1.070767 2.498000
1.099967 2.338700
1.129167 2.177100
1.158267 1.994900
1.187467 1.742000
1.216567 1.594000
1.245767 1.522200
1.274867 1.445400
1.304067 1.407100
1.333267 1.418600
1.362367 1.438500
1.391567 1.490200
1.420667 1.615400
1.449867 1.788700
1.478967 2.592000
1.508167 3.164100
1.537367 3.649800
1.566467 3.281900
1.595667 3.069800
1.624767 2.957000
1.653967 2.798600
1.683167 2.569300
1.712267 2.270000
1.741467 2.225700
1.770567 2.889900
1.799767 3.375600
1.828867 3.258200
1.858067 3.412500
1.887267 3.465800
1.916367 3.843200
1.945567 3.711600
1.974667 4.225600
2.003867 4.611900
2.033067 5.591800
2.062167 4.089700
2.091367 3.638000
2.120467 3.327600
2.149667 3.076300
2.178767 2.919100
2.207967 2.761400
2.237167 2.627900
2.266267 2.544400
2.295467 2.464000
2.324567 2.404400
2.353767 2.371100
2.382867 2.344700
2.412067 2.333000
2.441267 2.308200
2.470367 2.300900
2.499567 2.271600
2.528667 2.192200
2.557867 2.115200
2.587067 2.041400
2.616167 2.004500
2.645367 1.977700
2.674467 1.948600
2.703667 1.944000
2.732767 1.978100
2.761967 2.208100
2.791167 2.306600
2.820267 2.245400
2.849467 2.145800
2.878567 1.949100
2.907767 1.836400
2.936867 1.757500
2.966067 1.736700
2.995267 1.737300
3.024367 1.758300
3.053567 1.749200
3.082667 1.770400
3.111867 1.655200
3.141067 1.688500
3.170167 1.708000
3.199367 1.716500
3.228467 1.715900
3.257667 1.845500
3.286767 2.171100
3.315967 2.871900
3.345167 2.581500
3.374267 2.077200
3.403467 2.106700
3.432567 2.287700
3.461767 2.657000
3.490967 2.962100
3.520067 3.191300
3.549267 4.030100
3.578367 4.738800
3.607567 4.271900
3.636667 4.022100
3.665867 3.966300
3.695067 4.008300
3.724167 3.940300
3.753367 3.865800
3.782467 3.521200
3.811667 3.346500
3.840767 3.152800
3.869967 2.953900
3.899167 3.232400
3.928267 2.979600
3.957467 2.659700
3.986567 2.449800
4.015767 2.378800
4.044967 2.342800
4.074067 2.356400
4.103267 2.436700
4.132367 2.560100
4.161567 2.727300
4.190667 2.898700
4.219867 3.110000
4.249067 3.598200
4.278167 3.572500
4.307367 3.482900
4.336467 3.378400
4.365667 3.317000
4.394767 3.116700
4.423967 3.091400
4.453167 3.168600
4.482267 3.353400
4.511467 3.890900
4.540567 4.176600
4.569767 4.271800
4.598967 4.336900
4.628067 4.647200
4.657267 4.044700
4.686367 3.741300
4.715567 5.572800
4.744667 3.938200
4.773867 2.889600
4.803067 3.101900
4.832167 3.679800
4.861367 3.617500
4.890467 2.856900
4.919667 2.813900
4.948867 2.765600
4.977967 2.769700
5.007167 2.799100
5.036267 2.913600
5.065467 3.048500
5.094567 3.259500
5.123767 3.304700
5.152967 3.384000
5.182067 3.302000
5.211267 3.302200
5.240367 3.523300
5.269567 3.461700
5.298667 3.356100
5.327867 3.259000
5.357067 3.375300
5.386167 3.423200
5.415367 3.220300
5.444467 3.059300
5.473667 2.700100
5.502867 2.617800
5.531967 2.447300
5.561167 2.439800
5.590267 2.459700
5.619467 2.711000
5.648567 2.947500
5.677767 3.033900
5.706967 3.114900
5.736067 3.121700
5.765267 2.709600
5.794367 3.085900
5.823567 3.518100
5.852667 3.899200
5.881867 4.249100
5.911067 4.747900
5.940167 5.082300
5.969367 5.478400
5.998467 5.678300
6.027667 5.261500
6.056867 4.921200
6.085967 4.548800
6.115167 4.264700
6.144267 4.150200
6.173467 3.762000
6.202567 4.027500
6.231767 4.203200
6.260967 4.781700
6.290067 5.286600
6.319267 4.804400
6.348367 4.678100
6.377567 4.978100
6.406767 5.666200
6.435867 5.186200
6.465067 5.071100
6.494167 4.417000
6.523367 3.860800
6.552467 3.809000
6.581667 2.639900
6.610867 2.648600
6.639967 2.624600
6.669167 2.608000
6.698267 2.512000
6.727467 2.523400
6.756567 2.584700
6.785767 2.711700
6.814967 2.775400
6.844067 2.847800
6.873267 2.960000
6.902367 3.137800
6.931567 3.121000
6.960767 2.971100
6.989867 2.938900
7.019067 2.857500
7.048167 2.849800
7.077367 2.842500
7.106467 2.788100
7.135667 2.729600
7.164867 2.637200
7.193967 2.589600
7.223167 2.630300
7.252267 2.676800
7.281467 2.726500
7.310567 2.757100
7.339767 2.652500
7.368967 2.414700
7.398067 2.149800
7.427267 1.792200
7.456367 1.576000
7.485567 1.595300
7.514767 1.760300
7.543867 2.102300
7.573067 2.522000
7.602167 2.914400
7.631367 3.275400
7.660467 3.660800
7.689667 3.686600
7.718867 3.407000
7.747967 3.154800
7.777167 2.824500
7.806267 2.580900
7.835467 2.454900
7.864667 2.372800
7.893767 2.387700
7.922967 2.310400
7.952067 2.189900
7.981267 2.129800
8.010367 2.093400
8.039567 2.081600
8.068767 2.110100
8.097867 2.094700
8.127067 2.150700
8.156167 2.232000
8.185367 2.362800
8.214467 2.176700
8.243667 2.070400
8.272867 2.080200
8.301967 2.057800
8.331167 2.054600
8.360267 2.083900
8.389467 2.188500
8.418667 2.293000
8.447767 2.379600
8.476967 2.490500
8.506067 2.640600
8.535267 2.703700
8.564367 2.962500
8.593567 3.022800
8.622767 2.897000
8.651867 2.886100
8.681067 2.797900
8.710167 2.657200
8.739367 2.575800
8.768467 2.463500
8.797667 2.376200
8.826867 2.335600
8.855967 2.317900
8.885167 2.293500
8.914267 2.261100
8.943467 2.241700
8.972667 2.216800
9.001767 2.213400
9.030967 2.218300
9.060067 2.216400
9.089267 2.280600
9.118367 2.208900
9.147567 2.096600
9.176767 2.005800
9.205867 1.897900
9.235067 1.786200
9.264167 1.657900
9.293367 1.658700
9.322567 1.662300
9.351667 1.693900
9.380867 1.743500
9.409967 1.844300
9.439167 1.904000
9.468267 2.002100
9.497467 1.941000
9.526667 1.825100
9.555767 1.764700
9.584967 1.744200
9.614067 1.774400
9.643267 1.703600
9.672367 1.715400
9.701567 1.760100
9.730767 1.795600
9.759867 1.877900
9.789067 1.944500
9.818167 1.901400
9.847367 1.761200
9.876567 1.616700
9.905667 1.436500
9.934867 1.258000
9.963967 1.104400
9.993167 0.874400
10.022267 0.767100
10.051467 0.700500
10.080667 0.618900
10.109767 0.560600
10.138967 0.487300
10.168067 0.401200
10.197267 0.322400
10.226367 0.281700
10.255567 0.245800
10.284767 0.234700
10.313867 0.180100
10.343067 0.167400
10.372167 0.154100
10.401367 0.139800
10.430567 0.124500
10.459667 0.117600
10.488867 0.109800
10.517967 0.078800
10.547167 0.063600
10.576267 0.048700
10.605467 0.034800
10.634667 0.022000
10.663767 0.010500
10.692967 0.004600
10.722067 0.002500
10.751267 0.001100
10.780467 0.000300
10.809567 0.000000
10.838767 0.000000
10.867867 0.000000
10.897067 0.000000
10.926167 0.000000
10.955367 0.000000
10.984567 0.000000
11.013667 0.000000
11.042867 0.000000
11.071967 0.000000
11.101167 0.000000
11.130267 0.000000
11.159467 0.000000
11.188667 0.000000
11.217767 0.000000
11.246967 0.000000
11.276067 0.000000
11.305267 0.000000
11.334467 0.000000
11.363567 0.000000
11.392767 0.000000
11.421867 0.000000
11.451067 0.000000
11.480167 0.000000
11.509367 0.000000
11.538567 0.000000
11.567667 0.000000
11.596867 0.000000
11.625967 0.000000
11.655167 0.000000
11.684267 0.000000
11.713467 0.000000
11.742667 0.000000
11.771767 0.000000
11.800967 0.000000
11.830067 0.000000
11.859267 0.000000
11.888467 0.000000
11.917567 0.000000
11.946767 0.000000
11.975867 0.000000
12.005067 0.000000
12.034167 0.000000
12.063367 0.000000
12.092567 0.000000
12.121667 0.000000
12.150867 0.000000
12.179967 0.000000
12.209167 0.000000
12.238367 0.000000
12.267467 0.000000
12.296667 0.000000
12.325767 0.000000
12.354967 0.000000
12.384067 0.000000
12.413267 0.000000
12.442467 0.000000
12.471567 0.000000
12.500767 0.000000
12.529867 0.000000
12.559067 0.000000
12.588167 0.000000
12.617367 0.000000
12.646567 0.000000
12.675667 0.000000
12.704867 0.000000
12.733967 0.000000
12.763167 0.000000
12.792367 0.000000
12.821467 0.000000
12.850667 0.000000
12.879767 0.000000
12.908967 0.000000
12.938067 0.000000
12.967267 0.000000
12.996467 0.000000
13.025567 0.000000
13.054767 0.000000
13.083867 0.000000
13.113067 0.000000
13.142167 0.000000
13.171367 0.000000
13.200567 0.000000
13.229667 0.000000
13.258867 0.000000
13.287967 0.000000
13.317167 0.000000
13.346367 0.000000
13.375467 0.000000
13.404667 0.000000
13.433767 0.000000
13.462967 0.000000
