Energy(eV) Total_DOS
-24.212978 0.000000
-24.182278 0.000000
-24.151478 0.000000
-24.120678 0.000000
-24.089978 0.000000
-24.059178 0.000000
-24.028378 0.000000
-23.997678 0.000000
-23.966878 0.000000
-23.936078 0.000000
-23.905378 0.000000
-23.874578 0.000000
-23.843778 0.000000
-23.813078 0.000000
-23.782278 0.000000
-23.751478 0.000000
-23.720778 0.000000
-23.689978 0.000000
-23.659178 0.000000
-23.628478 0.000000
-23.597678 0.000000
-23.566878 0.000000
-23.536178 0.000000
-23.505378 0.000000
-23.474578 0.000000
-23.443878 0.000000
-23.413078 0.000000
-23.382278 0.000000
-23.351578 0.000000
-23.320778 0.000000
-23.289978 0.000000
-23.259278 0.000000
-23.228478 0.000000
-23.197678 0.000000
-23.166978 0.000000
-23.136178 0.000000
-23.105378 0.000000
-23.074678 0.000000
-23.043878 0.000000
-23.013078 0.000000
-22.982378 0.000000
-22.951578 0.000000
-22.920778 0.000000
-22.890078 0.000000
-22.859278 0.000000
-22.828478 0.000000
-22.797778 0.000000
-22.766978 0.000000
-22.736178 0.000000
-22.705478 0.000000
-22.674678 0.000000
-22.643978 0.000000
-22.613178 0.000000
-22.582378 0.000000
-22.551678 0.000000
-22.520878 0.000000
-22.490078 0.000000
-22.459378 0.000000
-22.428578 0.000000
-22.397778 0.000000
-22.367078 0.000000
-22.336278 0.000000
-22.305478 0.000000
-22.274778 0.000000
-22.243978 0.000000
-22.213178 0.000000
-22.182478 0.000000
-22.151678 0.000000
-22.120878 0.000000
-22.090178 0.000000
-22.059378 0.000000
-22.028578 0.000000
-21.997878 0.000000
-21.967078 0.000000
-21.936278 0.000000
-21.905578 0.000000
-21.874778 0.000000
-21.843978 0.000000
-21.813278 0.000000
-21.782478 0.000000
-21.751678 0.000000
-21.720978 0.000000
-21.690178 0.000000
-21.659378 0.000000
-21.628678 0.000000
-21.597878 0.000000
-21.567078 0.000000
-21.536378 0.000000
-21.505578 0.000000
-21.474778 0.000000
-21.444078 0.000000
-21.413278 0.000100
-21.382478 0.019000
-21.351778 0.024200
-21.320978 0.032600
-21.290178 0.039100
-21.259478 0.041800
-21.228678 0.046600
-21.197878 0.051600
-21.167178 0.055400
-21.136378 0.058300
-21.105578 0.061000
-21.074878 0.064100
-21.044078 0.067700
-21.013278 0.071400
-20.982578 0.074000
-20.951778 0.075900
-20.920978 0.078300
-20.890278 0.080700
-20.859478 0.083200
-20.828678 0.085900
-20.797978 0.088700
-20.767178 0.091100
-20.736378 0.092900
-20.705678 0.094700
-20.674878 0.096500
-20.644078 0.098700
-20.613378 0.100800
-20.582578 0.102900
-20.551778 0.105100
-20.521078 0.107400
-20.490278 0.109500
-20.459578 0.110900
-20.428778 0.112500
-20.397978 0.114200
-20.367278 0.115800
-20.336478 0.117600
-20.305678 0.119400
-20.274978 0.121200
-20.244178 0.123100
-20.213378 0.125000
-20.182678 0.127000
-20.151878 0.128400
-20.121078 0.129800
-20.090378 0.131200
-20.059578 0.132700
-20.028778 0.134300
-19.998078 0.135800
-19.967278 0.137300
-19.936478 0.138900
-19.905778 0.140600
-19.874978 0.142200
-19.844178 0.143900
-19.813478 0.145600
-19.782678 0.147000
-19.751878 0.148200
-19.721178 0.149600
-19.690378 0.150900
-19.659578 0.152200
-19.628878 0.153600
-19.598078 0.155000
-19.567278 0.156500
-19.536578 0.157900
-19.505778 0.159300
-19.474978 0.160800
-19.444278 0.162300
-19.413478 0.163900
-19.382678 0.165400
-19.351978 0.166600
-19.321178 0.167800
-19.290378 0.169000
-19.259678 0.170200
-19.228878 0.171500
-19.198078 0.172700
-19.167378 0.174000
-19.136578 0.175300
-19.105778 0.176700
-19.075078 0.178000
-19.044278 0.179400
-19.013478 0.180800
-18.982778 0.182100
-18.951978 0.183500
-18.921178 0.184900
-18.890478 0.186100
-18.859678 0.187200
-18.828878 0.188400
-18.798178 0.189600
-18.767378 0.190800
-18.736578 0.192000
-18.705878 0.193200
-18.675078 0.194400
-18.644278 0.195700
-18.613578 0.196900
-18.582778 0.198200
-18.551978 0.199500
-18.521278 0.200800
-18.490478 0.202100
-18.459678 0.203400
-18.428978 0.204700
-18.398178 0.205900
-18.367478 0.207100
-18.336678 0.208200
-18.305878 0.209400
-18.275178 0.210500
-18.244378 0.211700
-18.213578 0.212900
-18.182878 0.214100
-18.152078 0.215300
-18.121278 0.216500
-18.090578 0.217700
-18.059778 0.219000
-18.028978 0.220200
-17.998278 0.221400
-17.967478 0.222700
-17.936678 0.224000
-17.905978 0.225300
-17.875178 0.226600
-17.844378 0.227800
-17.813678 0.229000
-17.782878 0.230100
-17.752078 0.231300
-17.721378 0.232500
-17.690578 0.233700
-17.659778 0.234900
-17.629078 0.236100
-17.598278 0.237300
-17.567478 0.238600
-17.536778 0.239800
-17.505978 0.241100
-17.475178 0.242400
-17.444478 0.243600
-17.413678 0.244900
-17.382878 0.246200
-17.352178 0.247500
-17.321378 0.248900
-17.290578 0.250200
-17.259878 0.251500
-17.229078 0.252800
-17.198278 0.254100
-17.167578 0.255300
-17.136778 0.256700
-17.105978 0.258000
-17.075278 0.259300
-17.044478 0.260600
-17.013678 0.262000
-16.982978 0.263400
-16.952178 0.264800
-16.921378 0.266200
-16.890678 0.267600
-16.859878 0.269000
-16.829078 0.270500
-16.798378 0.272000
-16.767578 0.273500
-16.736778 0.275000
-16.706078 0.276600
-16.675278 0.278100
-16.644478 0.279700
-16.613778 0.281300
-16.582978 0.282900
-16.552178 0.284600
-16.521478 0.286200
-16.490678 0.287900
-16.459878 0.289700
-16.429178 0.291500
-16.398378 0.293300
-16.367578 0.295100
-16.336878 0.297100
-16.306078 0.299100
-16.275278 0.301200
-16.244578 0.303300
-16.213778 0.305500
-16.183078 0.307800
-16.152278 0.310200
-16.121478 0.312700
-16.090778 0.315300
-16.059978 0.318000
-16.029178 0.320800
-15.998478 0.323800
-15.967678 0.327100
-15.936878 0.330700
-15.906178 0.334600
-15.875378 0.338900
-15.844578 0.343900
-15.813878 0.349800
-15.783078 0.356700
-15.752278 0.367000
-15.721578 0.377600
-15.690778 0.384400
-15.659978 0.426200
-15.629278 0.390200
-15.598478 0.384200
-15.567678 0.380500
-15.536978 0.380600
-15.506178 0.388500
-15.475378 0.378900
-15.444678 0.383800
-15.413878 0.380700
-15.383078 0.373200
-15.352378 0.368000
-15.321578 0.364600
-15.290778 0.361600
-15.260078 0.359500
-15.229278 0.359000
-15.198478 0.359800
-15.167778 0.360500
-15.136978 0.357600
-15.106178 0.352800
-15.075478 0.352300
-15.044678 0.350500
-15.013878 0.348400
-14.983178 0.346000
-14.952378 0.342300
-14.921578 0.337600
-14.890878 0.333900
-14.860078 0.331100
-14.829278 0.329200
-14.798578 0.327500
-14.767778 0.326400
-14.736978 0.324900
-14.706278 0.322500
-14.675478 0.321000
-14.644678 0.320400
-14.613978 0.318100
-14.583178 0.313200
-14.552378 0.311400
-14.521678 0.309600
-14.490878 0.307700
-14.460078 0.305700
-14.429378 0.303700
-14.398578 0.301200
-14.367778 0.298500
-14.337078 0.295200
-14.306278 0.291700
-14.275478 0.288800
-14.244778 0.286400
-14.213978 0.284300
-14.183178 0.282600
-14.152478 0.281000
-14.121678 0.278900
-14.090978 0.276600
-14.060178 0.274900
-14.029378 0.273400
-13.998678 0.271500
-13.967878 0.269100
-13.937078 0.266200
-13.906378 0.261600
-13.875578 0.259400
-13.844778 0.257200
-13.814078 0.255100
-13.783278 0.252900
-13.752478 0.250800
-13.721778 0.248500
-13.690978 0.246000
-13.660178 0.243500
-13.629478 0.241100
-13.598678 0.238800
-13.567878 0.236100
-13.537178 0.233300
-13.506378 0.230700
-13.475578 0.228500
-13.444878 0.226200
-13.414078 0.224200
-13.383278 0.221800
-13.352578 0.219400
-13.321778 0.217200
-13.290978 0.215200
-13.260278 0.231900
-13.229478 0.240300
-13.198678 0.243800
-13.167978 0.255400
-13.137178 0.271200
-13.106378 0.281100
-13.075678 0.267100
-13.044878 0.272000
-13.014078 0.278100
-12.983378 0.287400
-12.952578 0.294800
-12.921778 0.307200
-12.891078 0.305500
-12.860278 0.297200
-12.829478 0.288300
-12.798778 0.282100
-12.767978 0.273300
-12.737178 0.261300
-12.706478 0.251400
-12.675678 0.246300
-12.644878 0.240500
-12.614178 0.229200
-12.583378 0.225000
-12.552578 0.224200
-12.521878 0.224300
-12.491078 0.223300
-12.460278 0.221700
-12.429578 0.224200
-12.398778 0.228600
-12.367978 0.234800
-12.337278 0.243800
-12.306478 0.249000
-12.275678 0.252200
-12.244978 0.242800
-12.214178 0.250200
-12.183378 0.261400
-12.152678 0.271300
-12.121878 0.279700
-12.091078 0.289300
-12.060378 0.300000
-12.029578 0.309100
-11.998778 0.318700
-11.968078 0.329000
-11.937278 0.339200
-11.906578 0.351500
-11.875778 0.365700
-11.844978 0.379600
-11.814278 0.398000
-11.783478 0.415800
-11.752678 0.436600
-11.721978 0.458300
-11.691178 0.492200
-11.660378 0.509100
-11.629678 0.523500
-11.598878 0.544400
-11.568078 0.583300
-11.537378 0.643300
-11.506578 0.695000
-11.475778 0.700900
-11.445078 0.688400
-11.414278 0.696400
-11.383478 0.708800
-11.352778 0.709100
-11.321978 0.635500
-11.291178 0.590900
-11.260478 0.557100
-11.229678 0.534600
-11.198878 0.517000
-11.168178 0.503500
-11.137378 0.491700
-11.106578 0.480700
-11.075878 0.470300
-11.045078 0.460400
-11.014278 0.449000
-10.983578 0.438500
-10.952778 0.426500
-10.921978 0.417600
-10.891278 0.411000
-10.860478 0.406000
-10.829678 0.401600
-10.798978 0.397200
-10.768178 0.392800
-10.737378 0.388400
-10.706678 0.384000
-10.675878 0.379400
-10.645078 0.374000
-10.614378 0.367600
-10.583578 0.361200
-10.552778 0.354300
-10.522078 0.348200
-10.491278 0.343900
-10.460478 0.341000
-10.429778 0.338500
-10.398978 0.335900
-10.368178 0.333200
-10.337478 0.330600
-10.306678 0.327800
-10.275878 0.325100
-10.245178 0.322300
-10.214378 0.319400
-10.183578 0.315100
-10.152878 0.310700
-10.122078 0.303800
-10.091278 0.299200
-10.060578 0.295500
-10.029778 0.292700
-9.998978 0.290600
-9.968278 0.288800
-9.937478 0.287100
-9.906678 0.285400
-9.875978 0.283500
-9.845178 0.281600
-9.814478 0.279600
-9.783678 0.277400
-9.752878 0.275100
-9.722178 0.272600
-9.691378 0.269400
-9.660578 0.265400
-9.629878 0.261100
-9.599078 0.256800
-9.568278 0.253400
-9.537578 0.251000
-9.506778 0.249400
-9.475978 0.248100
-9.445278 0.246800
-9.414478 0.245400
-9.383678 0.250600
-9.352978 0.271000
-9.322178 0.298600
-9.291378 0.297000
-9.260678 0.311000
-9.229878 0.388600
-9.199078 0.338500
-9.168378 0.348400
-9.137578 0.355700
-9.106778 0.358800
-9.076078 0.367100
-9.045278 0.378200
-9.014478 0.389400
-8.983778 0.409500
-8.952978 0.411000
-8.922178 0.416900
-8.891478 0.425800
-8.860678 0.436700
-8.829878 0.449400
-8.799178 0.460900
-8.768378 0.474200
-8.737578 0.496900
-8.706878 0.540100
-8.676078 0.549700
-8.645278 0.546300
-8.614578 0.546100
-8.583778 0.544800
-8.552978 0.543500
-8.522278 0.545600
-8.491478 0.538900
-8.460678 0.535800
-8.429978 0.531400
-8.399178 0.518500
-8.368378 0.515500
-8.337678 0.512500
-8.306878 0.509800
-8.276078 0.507100
-8.245378 0.505600
-8.214578 0.505600
-8.183778 0.506100
-8.153078 0.510100
-8.122278 0.518800
-8.091478 0.510900
-8.060778 0.505700
-8.029978 0.504400
-7.999178 0.502600
-7.968478 0.522300
-7.937678 0.509900
-7.906878 0.508400
-7.876178 0.510100
-7.845378 0.510400
-7.814578 0.511700
-7.783878 0.518300
-7.753078 0.521000
-7.722278 0.517200
-7.691578 0.523900
-7.660778 0.526900
-7.630078 0.525800
-7.599278 0.529000
-7.568478 0.532000
-7.537778 0.535800
-7.506978 0.538900
-7.476178 0.539600
-7.445478 0.544300
-7.414678 0.547700
-7.383878 0.546300
-7.353178 0.546400
-7.322378 0.548900
-7.291578 0.550600
-7.260878 0.555200
-7.230078 0.559800
-7.199278 0.564000
-7.168578 0.564300
-7.137778 0.571300
-7.106978 0.565600
-7.076278 0.570100
-7.045478 0.577300
-7.014678 0.585900
-6.983978 0.591200
-6.953178 0.588000
-6.922378 0.595100
-6.891678 0.602000
-6.860878 0.602400
-6.830078 0.603000
-6.799378 0.606800
-6.768578 0.611200
-6.737778 0.625800
-6.707078 0.629100
-6.676278 0.639300
-6.645478 0.641400
-6.614778 0.648900
-6.583978 0.654700
-6.553178 0.666200
-6.522478 0.670900
-6.491678 0.666000
-6.460878 0.671400
-6.430178 0.679700
-6.399378 0.706800
-6.368578 0.729600
-6.337878 0.759300
-6.307078 0.772500
-6.276278 0.809000
-6.245578 0.803100
-6.214778 0.818900
-6.183978 0.798400
-6.153278 0.797600
-6.122478 0.803700
-6.091678 0.797800
-6.060978 0.794100
-6.030178 0.795500
-5.999378 0.792500
-5.968678 0.791900
-5.937878 0.787900
-5.907078 0.786900
-5.876378 0.783700
-5.845578 0.781400
-5.814778 0.780900
-5.784078 0.780800
-5.753278 0.778300
-5.722478 0.776200
-5.691778 0.774500
-5.660978 0.773300
-5.630178 0.771500
-5.599478 0.769400
-5.568678 0.767100
-5.537978 0.764800
-5.507178 0.762300
-5.476378 0.759900
-5.445678 0.757500
-5.414878 0.755200
-5.384078 0.753000
-5.353378 0.751800
-5.322578 0.750700
-5.291778 0.751000
-5.261078 0.753400
-5.230278 0.753400
-5.199478 0.752100
-5.168778 0.749600
-5.137978 0.747100
-5.107178 0.743700
-5.076478 0.740300
-5.045678 0.737000
-5.014878 0.733900
-4.984178 0.731500
-4.953378 0.729300
-4.922578 0.727400
-4.891878 0.725500
-4.861078 0.723800
-4.830278 0.722600
-4.799578 0.722500
-4.768778 0.722500
-4.737978 0.721800
-4.707278 0.720900
-4.676478 0.720100
-4.645678 0.719200
-4.614978 0.718300
-4.584178 0.716800
-4.553378 0.715100
-4.522678 0.713500
-4.491878 0.711900
-4.461078 0.710000
-4.430378 0.708000
-4.399578 0.705500
-4.368778 0.702800
-4.338078 0.700000
-4.307278 0.697600
-4.276478 0.696000
-4.245778 0.693900
-4.214978 0.692300
-4.184178 0.691600
-4.153478 0.690600
-4.122678 0.689000
-4.091878 0.687600
-4.061178 0.686600
-4.030378 0.685700
-3.999578 0.685200
-3.968878 0.684100
-3.938078 0.683300
-3.907278 0.682100
-3.876578 0.680600
-3.845778 0.679300
-3.814978 0.677900
-3.784278 0.676800
-3.753478 0.675500
-3.722678 0.673100
-3.691978 0.671000
-3.661178 0.668700
-3.630378 0.666400
-3.599678 0.663800
-3.568878 0.661000
-3.538078 0.658400
-3.507378 0.657300
-3.476578 0.655900
-3.445778 0.653600
-3.415078 0.651600
-3.384278 0.650100
-3.353578 0.648800
-3.322778 0.648000
-3.291978 0.647600
-3.261278 0.647100
-3.230478 0.648300
-3.199678 0.648000
-3.168978 0.647900
-3.138178 0.646500
-3.107378 0.644400
-3.076678 0.641200
-3.045878 0.637400
-3.015078 0.633700
-2.984378 0.630300
-2.953578 0.633400
-2.922778 0.638900
-2.892078 0.637300
-2.861278 0.629500
-2.830478 0.614000
-2.799778 0.576600
-2.768978 0.546400
-2.738178 0.521700
-2.707478 0.505800
-2.676678 0.489700
-2.645878 0.474300
-2.615178 0.463000
-2.584378 0.454100
-2.553578 0.444200
-2.522878 0.433700
-2.492078 0.423000
-2.461278 0.413300
-2.430578 0.404900
-2.399778 0.397100
-2.368978 0.389300
-2.338278 0.381100
-2.307478 0.372800
-2.276678 0.364700
-2.245978 0.357100
-2.215178 0.350300
-2.184378 0.343400
-2.153678 0.337300
-2.122878 0.331100
-2.092078 0.324700
-2.061378 0.319300
-2.030578 0.312400
-1.999778 0.305800
-1.969078 0.299700
-1.938278 0.294300
-1.907478 0.289300
-1.876778 0.284300
-1.845978 0.279100
-1.815178 0.273900
-1.784478 0.268900
-1.753678 0.263800
-1.722878 0.258700
-1.692178 0.253600
-1.661378 0.248500
-1.630578 0.243600
-1.599878 0.239000
-1.569078 0.234500
-1.538278 0.230000
-1.507578 0.225500
-1.476778 0.221200
-1.445978 0.216700
-1.415278 0.211900
-1.384478 0.208100
-1.353678 0.204500
-1.322978 0.199800
-1.292178 0.195300
-1.261478 0.190900
-1.230678 0.186600
-1.199878 0.182500
-1.169178 0.178500
-1.138378 0.174400
-1.107578 0.170400
-1.076878 0.166600
-1.046078 0.162900
-1.015278 0.159200
-0.984578 0.155300
-0.953778 0.151300
-0.922978 0.147100
-0.892278 0.143200
-0.861478 0.139600
-0.830678 0.136200
-0.799978 0.133100
-0.769178 0.130000
-0.738378 0.125500
-0.707678 0.121600
-0.676878 0.117400
-0.646078 0.112800
-0.615378 0.108200
-0.584578 0.104200
-0.553778 0.100300
-0.523078 0.096500
-0.492278 0.092500
-0.461478 0.089000
-0.430778 0.088700
-0.399978 0.083200
-0.369178 0.077400
-0.338478 0.071900
-0.307678 0.067100
-0.276878 0.063500
-0.246178 0.061300
-0.215378 0.055200
-0.184578 0.046100
-0.153878 0.038900
-0.123078 0.034500
-0.092278 0.036500
-0.061578 0.006900
-0.030778 0.000700
0.000022 0.000000
0.030722 0.000000
0.061522 0.000000
0.092322 0.000000
0.123022 0.000000
0.153822 0.000000
0.184622 0.000000
0.215322 0.000000
0.246122 0.000000
0.276922 0.000000
0.307622 0.000000
0.338422 0.000000
0.369222 0.000000
0.399922 0.000000
0.430722 0.000000
0.461522 0.000000
0.492222 0.000000
0.523022 0.000000
0.553822 0.000000
0.584522 0.000000
0.615322 0.000000
0.646122 0.000000
0.676822 0.000000
0.707622 0.000000
0.738422 0.000000
0.769122 0.000000
0.799922 0.000000
0.830622 0.000000
0.861422 0.000000
0.892222 0.000000
0.922922 0.000000
0.953722 0.000000
0.984522 0.000000
1.015222 0.000000
1.046022 0.000000
1.076822 0.000000
1.107522 0.000000
1.138322 0.000000
1.169122 0.000000
1.199822 0.000000
1.230622 0.000000
1.261422 0.000000
1.292122 0.000000
1.322922 0.000000
1.353722 0.000000
1.384422 0.000000
1.415222 0.000000
1.446022 0.000000
1.476722 0.000000
1.507522 0.000000
1.538322 0.000000
1.569022 0.000000
1.599822 0.000000
1.630622 0.000000
1.661322 0.000000
1.692122 0.000000
1.722922 0.000000
1.753622 0.000000
1.784422 0.000000
1.815222 0.000000
1.845922 0.000000
1.876722 0.000000
1.907522 0.000000
1.938222 0.000000
1.969022 0.000000
1.999822 0.000000
2.030522 0.000000
2.061322 0.000000
2.092122 0.000000
2.122822 0.000000
2.153622 0.000000
2.184422 0.000000
2.215122 0.000000
2.245922 0.000000
2.276722 0.000000
2.307422 0.000000
2.338222 0.000000
2.369022 0.000000
2.399722 0.000000
2.430522 0.000000
2.461322 0.000000
2.492022 0.000000
2.522822 0.000000
2.553622 0.000000
2.584322 0.000000
2.615122 0.000000
2.645922 0.000000
2.676622 0.000000
2.707422 0.000000
2.738222 0.000000
2.768922 0.000000
2.799722 0.000000
2.830522 0.000000
2.861222 0.000000
2.892022 0.000000
2.922822 0.000000
2.953522 0.000000
2.984322 0.000000
3.015022 0.000000
3.045822 0.000000
3.076622 0.000000
3.107322 0.000000
3.138122 0.000000
3.168922 0.000000
3.199622 0.000000
3.230422 0.000000
3.261222 0.000000
3.291922 0.000000
3.322722 0.000000
3.353522 0.000000
3.384222 0.000000
3.415022 0.000000
3.445822 0.000000
3.476522 0.000000
3.507322 0.000000
3.538122 0.000000
3.568822 0.000000
3.599622 0.000000
3.630422 0.000000
3.661122 0.000000
3.691922 0.000000
3.722722 0.000000
3.753422 0.000000
3.784222 0.000000
3.815022 0.000000
3.845722 0.000000
3.876522 0.000000
3.907322 0.000000
3.938022 0.000000
3.968822 0.000000
3.999622 0.000000
4.030322 0.000000
4.061122 0.000000
4.091922 0.000000
4.122622 0.003900
4.153422 0.016900
4.184222 0.033900
4.214922 0.052300
4.245722 0.064000
4.276522 0.071800
4.307222 0.078600
4.338022 0.083100
4.368822 0.090100
4.399522 0.097400
4.430322 0.105000
4.461122 0.113500
4.491822 0.122100
4.522622 0.129100
4.553422 0.135800
4.584122 0.143600
4.614922 0.151600
4.645722 0.159600
4.676422 0.167800
4.707222 0.175900
4.738022 0.183900
4.768722 0.197700
4.799522 0.202300
4.830322 0.208800
4.861022 0.215800
4.891822 0.223500
4.922622 0.265100
4.953322 0.244100
4.984122 0.252100
5.014922 0.260300
5.045622 0.267700
5.076422 0.274100
5.107122 0.280300
5.137922 0.287200
5.168722 0.294300
5.199422 0.301600
5.230222 0.309700
5.261022 0.317800
5.291722 0.325800
5.322522 0.333700
5.353322 0.341700
5.384022 0.349800
5.414822 0.358300
5.445622 0.368800
5.476322 0.378200
5.507122 0.387000
5.537922 0.397800
5.568622 0.415600
5.599422 0.432700
5.630222 0.436600
5.660922 0.430600
5.691722 0.437500
5.722522 0.445100
5.753222 0.450200
5.784022 0.455100
5.814822 0.458200
5.845522 0.460100
5.876322 0.462900
5.907122 0.467000
5.937822 0.471500
5.968622 0.476400
5.999422 0.481700
6.030122 0.486900
6.060922 0.491900
6.091722 0.496800
6.122422 0.501500
6.153222 0.504700
6.184022 0.508600
6.214722 0.513300
6.245522 0.518500
6.276322 0.523600
6.307022 0.528800
6.337822 0.533600
6.368622 0.538600
6.399322 0.543500
6.430122 0.548200
6.460922 0.552900
6.491622 0.557500
6.522422 0.562000
6.553222 0.566400
6.583922 0.571100
6.614722 0.575600
6.645522 0.580300
6.676222 0.585100
6.707022 0.589800
6.737822 0.594500
6.768522 0.599300
6.799322 0.604200
6.830122 0.609200
6.860822 0.614400
6.891622 0.619700
6.922422 0.625100
6.953122 0.630900
6.983922 0.636900
7.014722 0.642900
7.045422 0.649000
7.076222 0.655100
7.107022 0.661200
7.137722 0.667400
7.168522 0.673700
7.199322 0.680000
7.230022 0.686500
7.260822 0.693200
7.291522 0.700000
7.322322 0.707000
7.353122 0.714700
7.383822 0.722000
7.414622 0.729400
7.445422 0.737400
7.476122 0.745700
7.506922 0.754200
7.537722 0.763100
7.568422 0.771800
7.599222 0.780800
7.630022 0.790400
7.660722 0.800900
7.691522 0.811900
7.722322 0.823000
7.753022 0.834700
7.783822 0.847000
7.814622 0.860400
7.845322 0.875900
7.876122 0.894200
7.906922 0.915600
7.937622 0.940400
7.968422 0.969100
7.999222 1.002800
8.029922 1.044300
8.060722 1.090700
8.091522 1.151700
8.122222 1.214500
8.153022 1.233800
8.183822 1.144800
8.214522 1.134300
8.245322 1.131900
8.276122 1.202100
8.306822 1.145100
8.337622 1.146800
8.368422 1.128500
8.399122 0.960800
8.429922 0.775100
8.460722 0.732000
8.491422 0.764300
8.522222 0.820400
8.553022 0.912300
8.583722 1.034400
8.614522 1.048200
8.645322 1.072600
8.676022 1.095300
8.706822 0.989300
8.737622 0.896700
8.768322 0.909400
8.799122 0.924900
8.829922 0.939700
8.860622 0.990900
8.891422 0.983100
8.922222 0.978400
8.952922 0.986300
8.983722 0.965000
9.014522 0.920800
9.045222 0.894300
9.076022 0.881300
9.106822 0.873400
9.137522 0.863500
9.168322 0.869800
9.199122 0.903100
9.229822 0.887300
9.260622 0.872100
9.291422 0.867600
9.322122 0.870000
9.352922 0.855900
9.383622 0.841700
9.414422 0.832800
9.445222 0.828900
9.475922 0.831000
9.506722 0.837500
9.537522 0.842700
9.568222 0.847200
9.599022 0.849800
9.629822 0.852300
9.660522 0.872800
9.691322 0.868500
9.722122 0.864900
9.752822 0.852400
9.783622 0.849600
9.814422 0.846500
9.845122 0.843400
9.875922 0.832800
9.906722 0.832100
9.937422 0.838700
9.968222 0.836700
9.999022 0.836500
10.029722 0.852100
10.060522 0.835200
10.091322 0.821000
10.122022 0.800900
10.152822 0.797700
10.183622 0.798000
10.214322 0.813500
10.245122 0.796000
10.275922 0.785200
10.306622 0.783600
10.337422 0.787100
10.368222 0.791200
10.398922 0.794000
10.429722 0.766900
10.460522 0.734600
10.491222 0.732300
10.522022 0.718800
10.552822 0.706400
10.583522 0.682100
10.614322 0.657500
10.645122 0.641100
10.675822 0.642900
10.706622 0.636000
10.737422 0.619300
10.768122 0.593100
10.798922 0.578200
10.829722 0.562000
10.860422 0.550400
10.891222 0.542500
10.922022 0.535600
10.952722 0.529500
10.983522 0.524400
11.014322 0.521100
11.045022 0.516300
11.075822 0.512700
11.106622 0.508800
11.137322 0.510400
11.168122 0.551600
11.198922 0.589300
11.229622 0.600600
11.260422 0.605200
11.291222 0.597600
11.321922 0.603900
11.352722 0.602800
11.383522 0.606000
11.414222 0.634200
11.445022 0.740300
11.475822 0.607400
11.506522 0.612100
11.537322 0.615000
11.568022 0.621600
11.598822 0.623500
11.629622 0.624000
11.660322 0.623200
11.691122 0.619600
11.721922 0.615300
11.752622 0.614700
11.783422 0.617000
11.814222 0.623000
11.844922 0.626700
11.875722 0.631700
11.906522 0.648200
11.937222 0.637100
11.968022 0.644000
11.998822 0.654800
12.029522 0.668700
12.060322 0.686400
12.091122 0.792000
12.121822 0.760900
12.152622 0.756500
12.183422 0.738700
12.214122 0.728200
12.244922 0.720000
12.275722 0.740400
12.306422 0.732100
12.337222 0.754000
12.368022 0.748100
12.398722 0.727200
12.429522 0.719600
12.460322 0.718700
12.491022 0.722800
12.521822 0.716800
12.552622 0.709000
12.583322 0.710100
12.614122 0.710900
12.644922 0.718900
12.675622 0.748100
12.706422 0.822500
12.737222 0.764500
12.767922 0.739600
12.798722 0.738600
12.829522 0.741300
12.860222 0.739700
12.891022 0.740400
12.921822 0.742900
12.952522 0.743900
12.983322 0.747800
13.014122 0.759100
13.044822 0.764100
13.075622 0.771400
13.106422 0.779000
13.137122 0.791400
13.167922 0.796600
13.198722 0.817200
13.229422 0.849300
13.260222 0.879100
13.291022 0.915600
13.321722 0.959600
13.352522 0.958800
13.383322 0.987100
13.414022 1.010900
13.444822 1.015500
13.475622 0.976500
13.506322 1.002300
13.537122 1.062300
13.567922 1.064300
13.598622 0.980000
13.629422 0.914000
13.660122 0.889500
13.690922 0.864000
13.721722 0.829300
13.752422 0.809000
13.783222 0.790200
13.814022 0.782800
13.844722 0.783900
13.875522 0.787300
13.906322 0.779300
13.937022 0.770500
13.967822 0.766500
13.998622 0.766500
14.029322 0.767300
14.060122 0.770000
14.090922 0.779400
14.121622 0.797200
14.152422 0.825100
14.183222 0.854900
14.213922 0.880700
14.244722 0.898000
14.275522 0.960700
14.306222 1.009700
14.337022 1.035800
14.367822 1.100300
14.398522 1.060800
14.429322 0.989900
14.460122 0.943200
14.490822 0.916600
14.521622 0.901000
14.552422 0.890200
14.583122 0.871800
14.613922 0.842000
14.644722 0.812300
14.675422 0.786200
14.706222 0.766100
14.737022 0.750300
14.767722 0.738600
14.798522 0.730400
14.829322 0.725600
14.860022 0.721200
14.890822 0.715300
14.921622 0.706000
14.952322 0.692900
14.983122 0.679400
15.013922 0.667100
15.044622 0.655000
15.075422 0.641900
15.106222 0.634500
15.136922 0.628600
15.167722 0.622400
15.198522 0.614400
15.229222 0.605000
15.260022 0.593100
15.290822 0.593100
15.321522 0.594600
15.352322 0.589700
15.383122 0.583700
15.413822 0.565500
15.444622 0.548500
15.475422 0.547500
15.506122 0.579000
15.536922 0.584900
15.567722 0.528000
15.598422 0.584600
15.629222 0.264700
15.660022 0.258200
15.690722 0.251700
15.721522 0.246100
15.752322 0.240500
15.783022 0.234300
15.813822 0.228000
15.844522 0.221500
15.875322 0.214700
15.906122 0.207600
15.936822 0.201700
15.967622 0.196500
15.998422 0.192000
16.029122 0.187600
16.059922 0.183000
16.090722 0.178200
16.121422 0.173300
16.152222 0.167500
16.183022 0.162800
16.213722 0.155600
16.244522 0.148000
16.275322 0.140300
16.306022 0.132400
16.336822 0.124600
16.367622 0.117400
16.398322 0.110200
16.429122 0.104400
16.459922 0.098900
16.490622 0.093800
16.521422 0.086000
16.552222 0.075400
16.582922 0.060900
16.613722 0.044600
16.644522 0.037800
16.675222 0.000000
16.706022 0.000000
16.736822 0.000000
16.767522 0.000000
16.798322 0.008400
16.829122 0.015300
16.859822 0.015100
16.890622 0.017800
16.921422 0.020700
16.952122 0.023500
16.982922 0.026400
17.013722 0.029300
17.044422 0.032300
17.075222 0.035200
17.106022 0.038100
17.136722 0.041200
17.167522 0.044400
17.198322 0.048000
17.229022 0.051700
17.259822 0.055600
17.290622 0.059400
17.321322 0.063100
17.352122 0.066700
17.382922 0.070200
17.413622 0.073600
17.444422 0.076900
17.475222 0.080300
17.505922 0.083700
17.536722 0.088200
17.567522 0.093800
17.598222 0.099700
17.629022 0.105700
17.659822 0.112000
17.690522 0.118500
17.721322 0.125200
17.752122 0.131900
17.782822 0.137400
17.813622 0.144400
17.844422 0.154200
17.875122 0.166700
17.905922 0.180400
17.936622 0.191800
17.967422 0.225700
17.998222 0.238800
18.028922 0.229400
18.059722 0.224600
18.090522 0.225100
18.121222 0.226700
18.152022 0.229500
18.182822 0.232400
18.213522 0.235300
18.244322 0.238000
18.275122 0.240700
18.305822 0.243400
18.336622 0.246000
18.367422 0.248400
18.398122 0.250400
18.428922 0.252300
18.459722 0.254100
18.490422 0.255900
18.521222 0.257700
18.552022 0.259300
18.582722 0.260800
18.613522 0.262500
18.644322 0.264300
18.675022 0.266200
18.705822 0.268000
18.736622 0.270100
18.767322 0.272200
18.798122 0.274400
18.828922 0.276400
18.859622 0.278400
18.890422 0.280400
18.921222 0.282200
18.951922 0.284000
18.982722 0.285800
19.013522 0.287600
19.044222 0.289300
19.075022 0.291100
19.105822 0.292800
19.136522 0.294400
19.167322 0.296100
19.198122 0.298100
19.228822 0.302700
19.259622 0.313300
19.290422 0.318300
19.321122 0.323400
19.351922 0.328900
19.382722 0.334600
19.413422 0.339600
19.444222 0.343500
19.475022 0.348000
19.505722 0.352600
19.536522 0.357100
19.567322 0.361500
19.598022 0.365900
19.628822 0.369600
19.659622 0.390900
19.690322 0.415000
19.721122 0.434100
19.751922 0.453500
19.782622 0.467200
19.813422 0.480200
19.844222 0.493000
19.874922 0.509700
19.905722 0.528100
19.936522 0.545600
19.967222 0.563100
19.998022 0.589200
20.028822 0.631400
20.059522 0.687500
20.090322 0.754000
20.121022 0.817800
20.151822 0.860400
20.182622 0.878400
20.213322 0.892800
20.244122 0.856500
20.274922 0.867300
20.305622 0.887700
20.336422 0.889500
20.367222 0.888300
20.397922 0.891400
20.428722 0.901700
20.459522 0.906000
20.490222 0.893600
20.521022 0.933000
20.551822 0.968300
20.582522 0.975900
20.613322 0.988800
20.644122 1.005300
20.674822 1.028500
20.705622 1.067000
20.736422 1.135900
20.767122 1.229600
20.797922 1.281900
20.828722 1.340500
20.859422 1.449400
20.890222 1.650900
20.921022 1.688600
20.951722 1.571200
20.982522 1.428900
21.013322 1.411400
21.044022 1.284700
21.074822 1.167100
21.105622 1.064900
21.136322 0.997000
21.167122 0.967900
21.197922 0.914500
21.228622 0.894300
21.259422 0.875100
21.290222 0.856500
21.320922 0.840300
21.351722 0.818900
21.382522 0.787900
21.413222 0.767200
21.444022 0.752800
21.474822 0.738000
21.505522 0.729100
21.536322 0.705700
21.567122 0.697700
21.597822 0.686500
21.628622 0.661500
21.659422 0.713500
21.690122 0.639400
21.720922 0.628600
21.751722 0.621400
21.782422 0.625300
21.813222 0.611300
21.844022 0.610000
21.874722 0.611100
21.905522 0.615200
21.936322 0.622200
21.967022 0.640100
21.997822 0.637400
22.028622 0.649900
22.059322 0.638000
22.090122 0.630300
22.120922 0.626600
22.151622 0.629300
22.182422 0.634300
22.213122 0.643400
22.243922 0.651500
22.274722 0.668400
22.305422 0.680700
22.336222 0.710900
22.367022 0.759900
22.397722 0.776600
22.428522 0.813700
22.459322 0.845000
22.490022 0.820700
22.520822 0.812100
22.551622 0.810000
22.582322 0.829300
22.613122 0.800000
22.643922 0.798700
22.674622 0.801400
22.705422 0.806300
22.736222 0.802400
22.766922 0.789400
22.797722 0.788000
22.828522 0.773000
22.859222 0.774200
22.890022 0.778800
22.920822 0.781000
22.951522 0.783400
22.982322 0.770600
23.013122 0.770100
23.043822 0.769800
23.074622 0.779400
23.105422 0.845800
23.136122 0.874900
23.166922 0.893200
23.197722 0.882000
23.228422 0.860700
23.259222 0.825000
23.290022 0.804800
23.320722 0.785300
23.351522 0.760100
23.382322 0.736200
23.413022 0.717400
23.443822 0.707600
23.474622 0.699600
23.505322 0.689400
23.536122 0.679400
23.566922 0.670900
23.597622 0.664300
23.628422 0.658100
23.659222 0.652000
23.689922 0.647000
23.720722 0.643000
23.751522 0.640800
23.782222 0.634900
23.813022 0.627900
23.843822 0.620100
23.874522 0.614700
23.905322 0.611600
23.936122 0.607000
23.966822 0.600700
23.997622 0.614800
24.028422 0.682700
24.059122 0.759300
24.089922 0.895000
24.120722 0.716400
24.151422 0.559500
24.182222 0.467100
24.213022 0.380600
24.243722 0.324100
24.274522 0.292800
24.305322 0.286000
24.336022 0.285300
24.366822 0.296300
24.397522 0.323000
24.428322 0.337700
24.459122 0.350200
24.489822 0.365500
24.520622 0.385600
24.551422 0.409700
24.582122 0.431800
24.612922 0.450700
24.643722 0.464300
24.674422 0.481300
24.705222 0.501500
24.736022 0.529200
24.766722 0.553200
24.797522 0.573200
24.828322 0.598200
24.859022 0.608300
24.889822 0.581600
24.920622 0.553200
24.951322 0.512900
24.982122 0.466800
25.012922 0.465000
25.043622 0.463500
25.074422 0.462100
25.105222 0.460500
25.135922 0.458700
25.166722 0.456100
25.197522 0.453200
25.228222 0.451000
25.259022 0.448700
25.289822 0.446100
25.320522 0.444200
25.351322 0.444400
25.382122 0.445900
25.412822 0.448100
25.443622 0.451600
25.474422 0.455200
25.505122 0.497800
25.535922 0.521100
25.566722 0.542500
25.597422 0.545300
25.628222 0.531300
25.659022 0.515300
25.689722 0.504300
25.720522 0.487000
25.751322 0.477000
25.782022 0.464500
25.812822 0.466400
25.843622 0.468900
25.874322 0.471700
25.905122 0.475200
25.935922 0.476900
25.966622 0.477800
25.997422 0.480600
26.028222 0.483300
26.058922 0.486100
26.089722 0.488800
26.120522 0.488800
26.151222 0.481400
26.182022 0.478200
26.212822 0.476800
26.243522 0.476000
26.274322 0.474700
26.305122 0.473500
26.335822 0.472400
26.366622 0.471200
26.397422 0.469600
26.428122 0.467800
26.458922 0.465600
26.489622 0.462200
26.520422 0.459000
26.551222 0.457300
26.581922 0.456200
26.612722 0.455400
26.643522 0.455000
26.674222 0.454300
26.705022 0.453100
26.735822 0.451800
26.766522 0.450500
26.797322 0.449100
26.828122 0.447600
26.858822 0.446300
26.889622 0.445500
26.920422 0.444800
26.951122 0.444000
26.981922 0.442600
27.012722 0.440800
27.043422 0.439400
27.074222 0.438500
27.105022 0.437800
27.135722 0.437100
27.166522 0.436500
27.197322 0.436100
27.228022 0.435700
27.258822 0.435400
27.289622 0.435100
27.320322 0.436900
27.351122 0.438000
27.381922 0.436700
27.412622 0.437700
27.443422 0.439700
27.474222 0.440000
27.504922 0.439300
27.535722 0.437100
27.566522 0.433800
27.597222 0.430800
27.628022 0.428600
27.658822 0.426900
27.689522 0.425600
27.720322 0.424300
27.751122 0.422500
27.781822 0.421500
27.812622 0.420400
27.843422 0.419400
27.874122 0.422700
27.904922 0.422800
27.935722 0.419200
27.966422 0.415100
27.997222 0.411600
28.028022 0.408500
28.058722 0.405800
28.089522 0.403200
28.120322 0.400900
28.151022 0.399200
28.181822 0.397400
28.212622 0.395900
28.243322 0.394600
28.274122 0.393400
28.304922 0.392300
28.335622 0.391300
28.366422 0.390200
28.397222 0.389900
28.427922 0.389500
28.458722 0.388900
28.489522 0.388300
28.520222 0.398500
28.551022 0.392100
28.581822 0.387000
28.612522 0.383300
28.643322 0.381100
28.674022 0.379400
28.704822 0.377600
28.735622 0.376200
28.766322 0.375000
28.797122 0.373700
28.827922 0.372200
28.858622 0.370600
28.889422 0.369000
28.920222 0.367400
28.950922 0.365800
28.981722 0.364400
29.012522 0.362900
29.043222 0.361500
29.074022 0.360100
29.104822 0.358700
29.135522 0.357400
29.166322 0.356100
29.197122 0.355100
29.227822 0.354300
29.258622 0.353500
29.289422 0.352600
29.320122 0.351800
29.350922 0.351300
29.381722 0.352800
29.412422 0.354600
29.443222 0.346200
29.474022 0.344300
29.504722 0.343100
29.535522 0.341900
29.566322 0.340600
29.597022 0.339400
29.627822 0.338100
29.658622 0.335900
29.689322 0.333700
29.720122 0.331700
29.750922 0.341800
29.781622 0.338900
29.812422 0.334600
29.843222 0.329500
29.873922 0.321900
29.904722 0.317700
29.935522 0.315800
29.966222 0.314300
29.997022 0.313500
30.027822 0.313200
30.058522 0.310400
30.089322 0.308000
30.120122 0.305700
30.150822 0.304400
30.181622 0.303300
30.212422 0.302500
30.243122 0.301600
30.273922 0.300600
30.304722 0.299700
30.335422 0.298700
30.366222 0.297800
30.397022 0.297600
30.427722 0.298400
30.458522 0.300100
30.489322 0.294900
30.520022 0.294100
30.550822 0.294000
30.581622 0.295500
30.612322 0.298600
30.643122 0.296000
30.673922 0.294300
30.704622 0.292800
30.735422 0.291400
30.766122 0.290100
30.796922 0.301100
30.827722 0.315200
30.858422 0.306500
30.889222 0.309000
30.920022 0.311200
30.950722 0.312900
30.981522 0.314300
31.012322 0.314800
31.043022 0.317500
31.073822 0.320600
31.104622 0.326100
31.135322 0.329700
31.166122 0.333200
31.196922 0.337400
31.227622 0.341500
31.258422 0.345400
31.289222 0.350300
31.319922 0.363300
31.350722 0.375500
31.381522 0.385100
31.412222 0.392300
31.443022 0.409100
31.473822 0.412200
31.504522 0.415900
31.535322 0.425100
31.566122 0.446700
31.596822 0.477400
31.627622 0.498000
31.658422 0.495200
31.689122 0.489600
31.719922 0.491700
31.750722 0.486900
31.781422 0.497500
31.812222 0.474400
31.843022 0.472200
31.873722 0.470400
31.904522 0.469800
31.935322 0.471400
31.966022 0.472000
31.996822 0.471400
32.027622 0.469300
32.058322 0.474900
32.089122 0.471200
32.119922 0.466500
32.150622 0.460300
32.181422 0.460200
32.212222 0.458200
32.242922 0.458600
32.273722 0.459900
32.304522 0.462500
32.335222 0.466400
32.366022 0.463100
32.396822 0.459000
32.427522 0.457600
32.458322 0.457300
32.489122 0.454700
32.519822 0.448600
32.550622 0.450800
32.581422 0.461500
32.612122 0.449700
32.642922 0.449300
32.673722 0.450900
32.704422 0.442900
32.735222 0.435900
32.766022 0.431400
32.796722 0.431900
32.827522 0.440600
32.858222 0.445900
32.889022 0.447700
32.919822 0.446900
32.950522 0.440900
32.981322 0.431300
33.012122 0.420500
33.042822 0.403500
33.073622 0.381400
33.104422 0.354700
33.135122 0.332200
33.165922 0.319400
33.196722 0.308000
33.227422 0.297600
33.258222 0.296100
33.289022 0.282600
33.319722 0.272200
33.350522 0.265300
33.381322 0.262500
33.412022 0.250500
33.442822 0.235600
33.473622 0.217700
33.504322 0.198400
33.535122 0.183300
33.565922 0.172400
33.596622 0.163900
33.627422 0.155100
33.658222 0.146400
33.688922 0.138100
33.719722 0.131500
33.750522 0.127900
33.781222 0.117900
33.812022 0.108500
33.842822 0.099000
33.873522 0.089600
33.904322 0.080400
33.935122 0.070300
33.965822 0.061200
33.996622 0.054000
34.027422 0.048000
34.058122 0.032700
34.088922 0.029300
34.119722 0.026700
34.150422 0.024200
34.181222 0.022000
34.212022 0.019900
34.242722 0.018000
34.273522 0.016300
34.304322 0.014400
34.335022 0.012200
34.365822 0.009900
34.396622 0.007300
34.427322 0.004400
34.458122 0.002000
34.488922 0.000600
34.519622 0.000000
34.550422 0.000000
34.581222 0.000000
34.611922 0.000000
34.642722 0.000000
34.673522 0.000000
34.704222 0.000000
34.735022 0.000000
34.765822 0.000000
34.796522 0.000000
34.827322 0.000000
34.858122 0.000000
34.888822 0.000000
34.919622 0.000000
34.950422 0.000000
34.981122 0.000000
35.011922 0.000000
35.042622 0.000000
35.073422 0.000000
35.104222 0.000000
35.134922 0.000000
35.165722 0.000000
35.196522 0.000000
35.227222 0.000000
35.258022 0.000000
35.288822 0.000000
35.319522 0.000000
35.350322 0.000000
35.381122 0.000000
35.411822 0.000000
35.442622 0.000000
35.473422 0.000000
35.504122 0.000000
35.534922 0.000000
35.565722 0.000000
35.596422 0.000000
35.627222 0.000000
35.658022 0.000000
35.688722 0.000000
35.719522 0.000000
35.750322 0.000000
35.781022 0.000000
35.811822 0.000000
35.842622 0.000000
35.873322 0.000000
35.904122 0.000000
35.934922 0.000000
35.965622 0.000000
35.996422 0.000000
36.027222 0.000000
36.057922 0.000000
36.088722 0.000000
36.119522 0.000000
36.150222 0.000000
36.181022 0.000000
36.211822 0.000000
36.242522 0.000000
36.273322 0.000000
36.304122 0.000000
36.334822 0.000000
36.365622 0.000000
36.396422 0.000000
36.427122 0.000000
36.457922 0.000000
36.488722 0.000000
36.519422 0.000000
36.550222 0.000000
36.581022 0.000000
36.611722 0.000000
36.642522 0.000000
36.673322 0.000000
36.704022 0.000000
36.734822 0.000000
36.765622 0.000000
36.796322 0.000000
36.827122 0.000000
36.857922 0.000000
36.888622 0.000000
36.919422 0.000000
36.950222 0.000000
36.980922 0.000000
37.011722 0.000000
37.042522 0.000000
37.073222 0.000000
37.104022 0.000000
37.134722 0.000000
37.165522 0.000000
37.196322 0.000000
37.227022 0.000000
37.257822 0.000000
37.288622 0.000000
37.319322 0.000000
