Energy(eV) Total_DOS
-75.559727 0.000000
-75.497827 0.000000
-75.436027 0.000000
-75.374127 0.000000
-75.312227 0.000000
-75.250427 0.000000
-75.188527 0.000000
-75.126627 0.000000
-75.064827 0.000000
-75.002927 0.000000
-74.941027 0.000000
-74.879227 0.000000
-74.817327 0.000000
-74.755427 0.000000
-74.693627 0.000000
-74.631727 0.000000
-74.569827 0.000000
-74.508027 0.000000
-74.446127 0.000000
-74.384227 0.000000
-74.322427 0.000000
-74.260527 0.000000
-74.198627 0.000000
-74.136827 0.000000
-74.074927 0.000000
-74.013027 0.000000
-73.951227 0.000000
-73.889327 0.000000
-73.827427 0.000000
-73.765627 0.000000
-73.703727 0.000000
-73.641827 0.000000
-73.580027 0.000000
-73.518127 0.000000
-73.456227 0.000000
-73.394427 0.000000
-73.332527 0.000000
-73.270627 0.000000
-73.208827 0.000000
-73.146927 0.000000
-73.085027 0.000000
-73.023227 0.000000
-72.961327 0.000000
-72.899427 0.000000
-72.837627 0.000000
-72.775727 0.000000
-72.713827 0.000000
-72.652027 0.000000
-72.590127 0.000000
-72.528327 0.000000
-72.466427 0.000000
-72.404527 0.000000
-72.342727 0.000000
-72.280827 0.000000
-72.218927 0.000000
-72.157127 0.000000
-72.095227 0.000000
-72.033327 0.000000
-71.971527 0.000000
-71.909627 0.000000
-71.847727 0.000000
-71.785927 0.000000
-71.724027 0.000000
-71.662127 0.000000
-71.600327 0.000000
-71.538427 0.000000
-71.476527 0.000000
-71.414727 0.000000
-71.352827 0.000000
-71.290927 0.000000
-71.229127 0.000000
-71.167227 0.000000
-71.105327 0.000000
-71.043527 0.000000
-70.981627 0.000000
-70.919727 0.000000
-70.857927 0.000000
-70.796027 0.000000
-70.734127 0.000000
-70.672327 0.000000
-70.610427 0.000000
-70.548527 0.000000
-70.486727 0.000000
-70.424827 0.000000
-70.362927 0.000000
-70.301127 0.000000
-70.239227 0.000000
-70.177327 0.000000
-70.115527 0.000000
-70.053627 0.000000
-69.991727 0.000000
-69.929927 13.659000
-69.868027 92.724700
-69.806127 0.000000
-69.744327 0.000000
-69.682427 0.000000
-69.620627 0.000000
-69.558727 0.000000
-69.496827 0.000000
-69.435027 0.000000
-69.373127 0.000000
-69.311227 0.000000
-69.249427 0.000000
-69.187527 0.000000
-69.125627 0.000000
-69.063827 0.000000
-69.001927 0.000000
-68.940027 0.000000
-68.878227 0.000000
-68.816327 0.000000
-68.754427 0.000000
-68.692627 0.000000
-68.630727 0.000000
-68.568827 0.000000
-68.507027 0.000000
-68.445127 0.000000
-68.383227 0.000000
-68.321427 0.000000
-68.259527 0.000000
-68.197627 0.000000
-68.135827 0.000000
-68.073927 0.000000
-68.012027 0.000000
-67.950227 0.000000
-67.888327 0.000000
-67.826427 0.000000
-67.764627 0.000000
-67.702727 0.000000
-67.640827 0.000000
-67.579027 0.000000
-67.517127 0.000000
-67.455227 0.000000
-67.393427 0.000000
-67.331527 0.000000
-67.269627 0.000000
-67.207827 0.000000
-67.145927 0.000000
-67.084027 0.000000
-67.022227 0.000000
-66.960327 0.000000
-66.898527 0.000000
-66.836627 0.000000
-66.774727 0.000000
-66.712927 0.000000
-66.651027 0.000000
-66.589127 0.000000
-66.527327 0.000000
-66.465427 0.000000
-66.403527 0.000000
-66.341727 0.000000
-66.279827 0.000000
-66.217927 0.000000
-66.156127 0.000000
-66.094227 0.000000
-66.032327 0.000000
-65.970527 0.000000
-65.908627 0.000000
-65.846727 0.000000
-65.784927 0.000000
-65.723027 0.000000
-65.661127 0.000000
-65.599327 0.000000
-65.537427 0.000000
-65.475527 0.000000
-65.413727 0.000000
-65.351827 0.000000
-65.289927 0.000000
-65.228127 0.000000
-65.166227 0.000000
-65.104327 0.000000
-65.042527 0.000000
-64.980627 0.000000
-64.918727 0.000000
-64.856927 0.000000
-64.795027 0.000000
-64.733127 0.000000
-64.671327 0.000000
-64.609427 0.000000
-64.547527 0.000000
-64.485727 0.000000
-64.423827 0.000000
-64.361927 0.000000
-64.300127 0.000000
-64.238227 0.000000
-64.176327 0.000000
-64.114527 0.000000
-64.052627 0.000000
-63.990827 0.000000
-63.928927 0.000000
-63.867027 0.000000
-63.805227 0.000000
-63.743327 0.000000
-63.681427 0.000000
-63.619627 0.000000
-63.557727 0.000000
-63.495827 0.000000
-63.434027 0.000000
-63.372127 0.000000
-63.310227 0.000000
-63.248427 0.000000
-63.186527 0.000000
-63.124627 0.000000
-63.062827 0.000000
-63.000927 0.000000
-62.939027 0.000000
-62.877227 0.000000
-62.815327 0.000000
-62.753427 0.000000
-62.691627 0.000000
-62.629727 0.000000
-62.567827 0.000000
-62.506027 0.000000
-62.444127 0.000000
-62.382227 0.000000
-62.320427 0.000000
-62.258527 0.000000
-62.196627 0.000000
-62.134827 0.000000
-62.072927 0.000000
-62.011027 0.000000
-61.949227 0.000000
-61.887327 0.000000
-61.825427 0.000000
-61.763627 0.000000
-61.701727 0.000000
-61.639827 0.000000
-61.578027 0.000000
-61.516127 0.000000
-61.454227 0.000000
-61.392427 0.000000
-61.330527 0.000000
-61.268627 0.000000
-61.206827 0.000000
-61.144927 0.000000
-61.083127 0.000000
-61.021227 0.000000
-60.959327 0.000000
-60.897527 0.000000
-60.835627 0.000000
-60.773727 0.000000
-60.711927 0.000000
-60.650027 0.000000
-60.588127 0.000000
-60.526327 0.000000
-60.464427 0.000000
-60.402527 0.000000
-60.340727 0.000000
-60.278827 0.000000
-60.216927 0.000000
-60.155127 0.000000
-60.093227 0.000000
-60.031327 0.000000
-59.969527 0.000000
-59.907627 0.000000
-59.845727 0.000000
-59.783927 0.000000
-59.722027 0.000000
-59.660127 0.000000
-59.598327 0.000000
-59.536427 0.000000
-59.474527 0.000000
-59.412727 0.000000
-59.350827 0.000000
-59.288927 0.000000
-59.227127 0.000000
-59.165227 0.000000
-59.103327 0.000000
-59.041527 0.000000
-58.979627 0.000000
-58.917727 0.000000
-58.855927 0.000000
-58.794027 0.000000
-58.732127 0.000000
-58.670327 0.000000
-58.608427 0.000000
-58.546527 0.000000
-58.484727 0.000000
-58.422827 0.000000
-58.361027 0.000000
-58.299127 0.000000
-58.237227 0.000000
-58.175427 0.000000
-58.113527 0.000000
-58.051627 0.000000
-57.989827 0.000000
-57.927927 0.000000
-57.866027 0.000000
-57.804227 0.000000
-57.742327 0.000000
-57.680427 0.000000
-57.618627 0.000000
-57.556727 0.000000
-57.494827 0.000000
-57.433027 0.000000
-57.371127 0.000000
-57.309227 0.000000
-57.247427 0.000000
-57.185527 0.000000
-57.123627 0.000000
-57.061827 0.000000
-56.999927 0.000000
-56.938027 0.000000
-56.876227 0.000000
-56.814327 0.000000
-56.752427 0.000000
-56.690627 0.000000
-56.628727 0.000000
-56.566827 0.000000
-56.505027 0.000000
-56.443127 0.000000
-56.381227 0.000000
-56.319427 0.000000
-56.257527 0.000000
-56.195627 0.000000
-56.133827 0.000000
-56.071927 0.000000
-56.010027 0.000000
-55.948227 0.000000
-55.886327 0.000000
-55.824427 0.000000
-55.762627 0.000000
-55.700727 0.000000
-55.638827 0.000000
-55.577027 0.000000
-55.515127 0.000000
-55.453327 0.000000
-55.391427 0.000000
-55.329527 0.000000
-55.267727 0.000000
-55.205827 0.000000
-55.143927 0.000000
-55.082127 0.000000
-55.020227 0.000000
-54.958327 0.000000
-54.896527 0.000000
-54.834627 0.000000
-54.772727 0.000000
-54.710927 0.000000
-54.649027 0.000000
-54.587127 0.000000
-54.525327 0.000000
-54.463427 0.000000
-54.401527 0.000000
-54.339727 0.000000
-54.277827 0.000000
-54.215927 0.000000
-54.154127 0.000000
-54.092227 0.000000
-54.030327 0.000000
-53.968527 0.000000
-53.906627 0.000000
-53.844727 0.000000
-53.782927 0.000000
-53.721027 0.000000
-53.659127 0.000000
-53.597327 0.000000
-53.535427 0.000000
-53.473527 0.000000
-53.411727 0.000000
-53.349827 0.000000
-53.287927 0.000000
-53.226127 0.000000
-53.164227 0.000000
-53.102327 0.000000
-53.040527 0.000000
-52.978627 0.000000
-52.916727 0.000000
-52.854927 0.000000
-52.793027 0.000000
-52.731127 0.000000
-52.669327 0.000000
-52.607427 0.000000
-52.545627 0.000000
-52.483727 0.000000
-52.421827 0.000000
-52.360027 0.000000
-52.298127 0.000000
-52.236227 0.000000
-52.174427 0.000000
-52.112527 0.000000
-52.050627 0.000000
-51.988827 0.000000
-51.926927 0.000000
-51.865027 0.000000
-51.803227 0.000000
-51.741327 0.000000
-51.679427 0.000000
-51.617627 0.000000
-51.555727 0.000000
-51.493827 0.000000
-51.432027 0.000000
-51.370127 0.000000
-51.308227 0.000000
-51.246427 0.000000
-51.184527 0.000000
-51.122627 0.000000
-51.060827 0.000000
-50.998927 0.000000
-50.937027 0.000000
-50.875227 0.000000
-50.813327 0.000000
-50.751427 0.000000
-50.689627 0.000000
-50.627727 0.000000
-50.565827 0.000000
-50.504027 0.000000
-50.442127 0.000000
-50.380227 0.000000
-50.318427 0.000000
-50.256527 0.000000
-50.194627 0.000000
-50.132827 0.000000
-50.070927 0.000000
-50.009027 0.000000
-49.947227 0.000000
-49.885327 0.000000
-49.823527 0.000000
-49.761627 0.000000
-49.699727 0.000000
-49.637927 0.000000
-49.576027 0.000000
-49.514127 0.000000
-49.452327 0.000000
-49.390427 0.000000
-49.328527 0.000000
-49.266727 0.000000
-49.204827 0.000000
-49.142927 0.000000
-49.081127 0.000000
-49.019227 0.000000
-48.957327 0.000000
-48.895527 0.000000
-48.833627 0.000000
-48.771727 0.000000
-48.709927 0.000000
-48.648027 0.000000
-48.586127 0.000000
-48.524327 0.000000
-48.462427 0.000000
-48.400527 0.000000
-48.338727 0.000000
-48.276827 0.000000
-48.214927 0.000000
-48.153127 0.000000
-48.091227 0.000000
-48.029327 0.000000
-47.967527 0.000000
-47.905627 0.000000
-47.843727 0.000000
-47.781927 0.000000
-47.720027 0.000000
-47.658127 0.000000
-47.596327 0.000000
-47.534427 0.000000
-47.472527 0.000000
-47.410727 0.000000
-47.348827 0.000000
-47.286927 0.000000
-47.225127 0.000000
-47.163227 0.000000
-47.101327 0.000000
-47.039527 0.000000
-46.977627 0.000000
-46.915827 0.000000
-46.853927 0.000000
-46.792027 0.000000
-46.730227 0.000000
-46.668327 0.000000
-46.606427 0.000000
-46.544627 0.000000
-46.482727 0.000000
-46.420827 0.000000
-46.359027 0.000000
-46.297127 0.000000
-46.235227 0.000000
-46.173427 0.000000
-46.111527 0.000000
-46.049627 0.000000
-45.987827 0.000000
-45.925927 0.000000
-45.864027 0.000000
-45.802227 0.000000
-45.740327 0.000000
-45.678427 0.000000
-45.616627 0.000000
-45.554727 0.000000
-45.492827 0.000000
-45.431027 0.000000
-45.369127 0.000000
-45.307227 0.000000
-45.245427 0.000000
-45.183527 0.000000
-45.121627 0.000000
-45.059827 0.000000
-44.997927 0.000000
-44.936027 0.000000
-44.874227 0.000000
-44.812327 0.000000
-44.750427 0.000000
-44.688627 0.000000
-44.626727 0.000000
-44.564827 0.000000
-44.503027 0.000000
-44.441127 0.000000
-44.379227 0.000000
-44.317427 0.000000
-44.255527 0.000000
-44.193627 0.000000
-44.131827 0.000000
-44.069927 0.000000
-44.008127 0.000000
-43.946227 0.000000
-43.884327 0.000000
-43.822527 0.000000
-43.760627 0.000000
-43.698727 0.000000
-43.636927 0.000000
-43.575027 0.000000
-43.513127 0.000000
-43.451327 0.000000
-43.389427 0.000000
-43.327527 0.000000
-43.265727 0.000000
-43.203827 0.000000
-43.141927 0.000000
-43.080127 0.000000
-43.018227 0.000000
-42.956327 0.000000
-42.894527 0.000000
-42.832627 0.000000
-42.770727 0.000000
-42.708927 0.000000
-42.647027 0.000000
-42.585127 0.000000
-42.523327 0.000000
-42.461427 0.000000
-42.399527 0.000000
-42.337727 0.000000
-42.275827 0.000000
-42.213927 0.000000
-42.152127 0.000000
-42.090227 0.000000
-42.028327 0.000000
-41.966527 0.000000
-41.904627 0.000000
-41.842727 0.000000
-41.780927 0.000000
-41.719027 0.000000
-41.657127 0.000000
-41.595327 0.000000
-41.533427 0.000000
-41.471527 0.000000
-41.409727 0.000000
-41.347827 0.000000
-41.286027 0.000000
-41.224127 0.000000
-41.162227 0.000000
-41.100427 0.000000
-41.038527 0.000000
-40.976627 0.000000
-40.914827 0.000000
-40.852927 0.000000
-40.791027 0.000000
-40.729227 0.000000
-40.667327 0.000000
-40.605427 0.000000
-40.543627 0.000000
-40.481727 0.000000
-40.419827 0.000000
-40.358027 0.000000
-40.296127 0.000000
-40.234227 0.000000
-40.172427 0.000000
-40.110527 0.000000
-40.048627 0.000000
-39.986827 0.000000
-39.924927 0.000000
-39.863027 0.000000
-39.801227 0.000000
-39.739327 0.000000
-39.677427 0.000000
-39.615627 0.000000
-39.553727 0.000000
-39.491827 0.000000
-39.430027 0.000000
-39.368127 0.000000
-39.306227 0.000000
-39.244427 0.000000
-39.182527 0.000000
-39.120627 0.000000
-39.058827 0.000000
-38.996927 0.000000
-38.935027 0.000000
-38.873227 0.000000
-38.811327 0.000000
-38.749427 0.000000
-38.687627 0.000000
-38.625727 0.000000
-38.563827 0.000000
-38.502027 0.000000
-38.440127 0.000000
-38.378327 0.000000
-38.316427 0.000000
-38.254527 0.000000
-38.192727 0.000000
-38.130827 0.000000
-38.068927 0.000000
-38.007127 0.000000
-37.945227 0.000000
-37.883327 0.000000
-37.821527 0.000000
-37.759627 0.000000
-37.697727 0.000000
-37.635927 0.000000
-37.574027 0.000000
-37.512127 0.000000
-37.450327 0.000000
-37.388427 0.000000
-37.326527 0.000000
-37.264727 0.000000
-37.202827 0.000000
-37.140927 0.000000
-37.079127 0.000000
-37.017227 0.000000
-36.955327 0.000000
-36.893527 0.000000
-36.831627 0.000000
-36.769727 0.000000
-36.707927 0.000000
-36.646027 0.000000
-36.584127 0.000000
-36.522327 0.000000
-36.460427 0.000000
-36.398527 0.000000
-36.336727 0.000000
-36.274827 0.000000
-36.212927 0.000000
-36.151127 0.000000
-36.089227 0.000000
-36.027327 0.000000
-35.965527 0.000000
-35.903627 0.000000
-35.841727 0.000000
-35.779927 0.000000
-35.718027 0.000000
-35.656127 0.000000
-35.594327 0.000000
-35.532427 0.000000
-35.470627 0.000000
-35.408727 0.000000
-35.346827 0.000000
-35.285027 0.000000
-35.223127 0.000000
-35.161227 0.000000
-35.099427 0.000000
-35.037527 0.000000
-34.975627 0.000000
-34.913827 0.000000
-34.851927 0.000000
-34.790027 0.000000
-34.728227 0.000000
-34.666327 0.000000
-34.604427 0.000000
-34.542627 0.000000
-34.480727 0.000000
-34.418827 0.000000
-34.357027 0.000000
-34.295127 0.000000
-34.233227 0.000000
-34.171427 0.000000
-34.109527 0.000000
-34.047627 0.000000
-33.985827 0.000000
-33.923927 0.000000
-33.862027 0.000000
-33.800227 0.000000
-33.738327 0.000000
-33.676427 0.000000
-33.614627 0.000000
-33.552727 0.000000
-33.490827 0.000000
-33.429027 0.000000
-33.367127 0.000000
-33.305227 0.000000
-33.243427 0.000000
-33.181527 0.000000
-33.119627 0.000000
-33.057827 0.000000
-32.995927 0.000000
-32.934027 0.000000
-32.872227 0.000000
-32.810327 0.000000
-32.748527 0.000000
-32.686627 0.000000
-32.624727 0.000000
-32.562927 0.000000
-32.501027 0.000000
-32.439127 0.000000
-32.377327 0.000000
-32.315427 0.000000
-32.253527 0.000000
-32.191727 0.000000
-32.129827 0.000000
-32.067927 0.000000
-32.006127 0.000000
-31.944227 0.000000
-31.882327 0.000000
-31.820527 0.000000
-31.758627 0.000000
-31.696727 0.000000
-31.634927 0.000000
-31.573027 0.000000
-31.511127 0.000000
-31.449327 0.000000
-31.387427 0.000000
-31.325527 0.000000
-31.263727 0.000000
-31.201827 0.000000
-31.139927 0.000000
-31.078127 0.000000
-31.016227 0.000000
-30.954327 0.000000
-30.892527 0.000000
-30.830627 0.000000
-30.768727 0.000000
-30.706927 0.000000
-30.645027 0.000000
-30.583127 0.000000
-30.521327 0.000000
-30.459427 0.000000
-30.397527 0.000000
-30.335727 0.000000
-30.273827 0.000000
-30.211927 0.000000
-30.150127 0.000000
-30.088227 0.000000
-30.026327 0.000000
-29.964527 0.000000
-29.902627 0.000000
-29.840827 0.000000
-29.778927 0.000000
-29.717027 0.000000
-29.655227 0.000000
-29.593327 0.000000
-29.531427 0.000000
-29.469627 0.000000
-29.407727 0.000000
-29.345827 0.000000
-29.284027 0.000000
-29.222127 0.000000
-29.160227 0.000000
-29.098427 0.000000
-29.036527 0.000000
-28.974627 0.000000
-28.912827 0.000000
-28.850927 0.000000
-28.789027 0.000000
-28.727227 0.000000
-28.665327 0.000000
-28.603427 0.000000
-28.541627 0.000000
-28.479727 0.000000
-28.417827 0.000000
-28.356027 0.000000
-28.294127 0.000000
-28.232227 0.000000
-28.170427 0.000000
-28.108527 0.000000
-28.046627 0.000000
-27.984827 0.000000
-27.922927 0.000000
-27.861027 0.000000
-27.799227 0.000000
-27.737327 0.000000
-27.675427 0.000000
-27.613627 0.000000
-27.551727 0.000000
-27.489827 0.000000
-27.428027 0.000000
-27.366127 0.000000
-27.304227 0.000000
-27.242427 0.000000
-27.180527 0.000000
-27.118727 0.000000
-27.056827 0.000000
-26.994927 0.000000
-26.933127 0.000000
-26.871227 0.000000
-26.809327 0.000000
-26.747527 0.000000
-26.685627 0.000000
-26.623727 0.000000
-26.561927 0.000000
-26.500027 0.000000
-26.438127 0.000000
-26.376327 0.000000
-26.314427 0.000000
-26.252527 0.000000
-26.190727 0.000000
-26.128827 0.000000
-26.066927 0.000000
-26.005127 0.000000
-25.943227 0.000000
-25.881327 0.000000
-25.819527 0.000000
-25.757627 0.000000
-25.695727 0.000000
-25.633927 0.000000
-25.572027 0.000000
-25.510127 0.000000
-25.448327 0.000000
-25.386427 0.000000
-25.324527 0.000000
-25.262727 0.000000
-25.200827 0.000000
-25.138927 0.000000
-25.077127 0.000000
-25.015227 0.000000
-24.953327 0.000000
-24.891527 0.000000
-24.829627 0.000000
-24.767727 0.000000
-24.705927 0.000000
-24.644027 0.000000
-24.582127 0.000000
-24.520327 0.000000
-24.458427 0.000000
-24.396527 0.000000
-24.334727 0.000000
-24.272827 0.000000
-24.211027 0.000000
-24.149127 0.000000
-24.087227 0.000000
-24.025427 0.000000
-23.963527 0.000000
-23.901627 0.000000
-23.839827 0.000000
-23.777927 0.000000
-23.716027 0.000000
-23.654227 0.000000
-23.592327 0.000000
-23.530427 0.000000
-23.468627 0.000000
-23.406727 0.000000
-23.344827 0.000000
-23.283027 0.000000
-23.221127 0.000000
-23.159227 0.000000
-23.097427 0.000000
-23.035527 0.000000
-22.973627 0.000000
-22.911827 0.000000
-22.849927 0.000000
-22.788027 0.000000
-22.726227 0.000000
-22.664327 0.000000
-22.602427 0.000000
-22.540627 0.000000
-22.478727 0.000000
-22.416827 0.000000
-22.355027 0.000000
-22.293127 0.000000
-22.231227 0.000000
-22.169427 0.000000
-22.107527 0.000000
-22.045627 0.000000
-21.983827 0.000000
-21.921927 0.000000
-21.860027 0.000000
-21.798227 0.000000
-21.736327 0.000000
-21.674427 0.000000
-21.612627 0.000000
-21.550727 0.000000
-21.488827 0.000000
-21.427027 0.000000
-21.365127 0.000000
-21.303327 0.000000
-21.241427 0.000000
-21.179527 0.000000
-21.117727 0.000000
-21.055827 0.000000
-20.993927 0.000000
-20.932127 0.000000
-20.870227 0.000000
-20.808327 0.000000
-20.746527 0.000000
-20.684627 0.000000
-20.622727 0.000000
-20.560927 0.000000
-20.499027 0.000000
-20.437127 0.000000
-20.375327 0.000000
-20.313427 0.000000
-20.251527 0.000000
-20.189727 0.000000
-20.127827 0.000000
-20.065927 0.000000
-20.004127 0.000000
-19.942227 0.000000
-19.880327 0.000000
-19.818527 0.000000
-19.756627 0.000000
-19.694727 0.000000
-19.632927 0.000000
-19.571027 0.000000
-19.509127 0.000000
-19.447327 0.000000
-19.385427 0.000000
-19.323527 0.000000
-19.261727 0.000000
-19.199827 0.000000
-19.137927 0.000000
-19.076127 0.000000
-19.014227 0.000000
-18.952327 0.000000
-18.890527 0.000000
-18.828627 0.000000
-18.766727 0.000000
-18.704927 0.000000
-18.643027 0.000000
-18.581227 0.000000
-18.519327 0.000000
-18.457427 0.000000
-18.395627 0.000000
-18.333727 0.000000
-18.271827 0.000000
-18.210027 0.000000
-18.148127 0.000000
-18.086227 0.000000
-18.024427 0.000000
-17.962527 0.000000
-17.900627 0.000000
-17.838827 0.000000
-17.776927 0.000000
-17.715027 0.000000
-17.653227 0.000000
-17.591327 0.000000
-17.529427 0.000000
-17.467627 0.000000
-17.405727 0.000000
-17.343827 0.000000
-17.282027 0.000000
-17.220127 0.000000
-17.158227 0.000000
-17.096427 0.000000
-17.034527 0.000000
-16.972627 0.000000
-16.910827 0.000000
-16.848927 0.000000
-16.787027 0.000000
-16.725227 0.000000
-16.663327 0.000000
-16.601427 0.000000
-16.539627 0.000000
-16.477727 0.000000
-16.415827 0.000000
-16.354027 0.000000
-16.292127 0.000000
-16.230227 0.000000
-16.168427 0.000000
-16.106527 0.000000
-16.044627 0.000000
-15.982827 0.000000
-15.920927 0.000000
-15.859027 0.000000
-15.797227 0.000000
-15.735327 0.000000
-15.673527 0.000000
-15.611627 0.000000
-15.549727 0.000000
-15.487927 0.000000
-15.426027 0.000000
-15.364127 0.000000
-15.302327 0.000000
-15.240427 0.000000
-15.178527 0.000000
-15.116727 0.000000
-15.054827 0.000000
-14.992927 0.000000
-14.931127 0.000000
-14.869227 0.000000
-14.807327 0.000000
-14.745527 0.000000
-14.683627 0.000000
-14.621727 0.000000
-14.559927 0.000000
-14.498027 0.000000
-14.436127 0.000000
-14.374327 0.000000
-14.312427 0.000000
-14.250527 0.000000
-14.188727 0.000000
-14.126827 0.000000
-14.064927 0.000000
-14.003127 0.000000
-13.941227 0.000000
-13.879327 0.000000
-13.817527 0.000000
-13.755627 0.000000
-13.693727 0.000000
-13.631927 0.000000
-13.570027 0.000000
-13.508127 0.000000
-13.446327 0.000000
-13.384427 0.000000
-13.322527 0.000000
-13.260727 0.000000
-13.198827 0.000000
-13.136927 0.000000
-13.075127 0.000000
-13.013227 0.000000
-12.951327 0.000000
-12.889527 0.000000
-12.827627 0.000000
-12.765827 0.000000
-12.703927 0.000000
-12.642027 0.000000
-12.580227 0.000000
-12.518327 0.000000
-12.456427 0.000000
-12.394627 0.000000
-12.332727 0.000000
-12.270827 0.000000
-12.209027 0.000000
-12.147127 0.000000
-12.085227 0.000000
-12.023427 0.000000
-11.961527 0.000000
-11.899627 0.000000
-11.837827 0.000000
-11.775927 0.000000
-11.714027 0.000000
-11.652227 0.000000
-11.590327 0.000000
-11.528427 0.000000
-11.466627 0.000000
-11.404727 0.000000
-11.342827 0.000000
-11.281027 0.000000
-11.219127 0.000000
-11.157227 0.000000
-11.095427 0.000000
-11.033527 0.000000
-10.971627 0.000000
-10.909827 0.000000
-10.847927 0.000000
-10.786027 0.000000
-10.724227 0.000000
-10.662327 0.000000
-10.600427 0.000000
-10.538627 0.000000
-10.476727 0.000000
-10.414827 0.000000
-10.353027 0.000000
-10.291127 0.000000
-10.229227 0.000000
-10.167427 0.000000
-10.105527 0.000000
-10.043727 0.000000
-9.981827 0.000000
-9.919927 0.000000
-9.858127 0.000000
-9.796227 0.000000
-9.734327 0.000000
-9.672527 0.000000
-9.610627 0.000000
-9.548727 0.000000
-9.486927 0.000000
-9.425027 0.000000
-9.363127 0.000000
-9.301327 0.015600
-9.239427 0.024600
-9.177527 0.030400
-9.115727 0.035800
-9.053827 0.041800
-8.991927 0.045100
-8.930127 0.048600
-8.868227 0.053000
-8.806327 0.057100
-8.744527 0.059700
-8.682627 0.062800
-8.620727 0.066100
-8.558927 0.069700
-8.497027 0.072600
-8.435127 0.075200
-8.373327 0.078000
-8.311427 0.080900
-8.249527 0.083900
-8.187727 0.087100
-8.125827 0.089600
-8.063927 0.092200
-8.002127 0.094800
-7.940227 0.097600
-7.878327 0.100500
-7.816527 0.103400
-7.754627 0.106200
-7.692727 0.108800
-7.630927 0.111600
-7.569027 0.114400
-7.507127 0.117200
-7.445327 0.120200
-7.383427 0.123300
-7.321527 0.126300
-7.259727 0.129300
-7.197827 0.132300
-7.136027 0.135500
-7.074127 0.138800
-7.012227 0.142100
-6.950427 0.145600
-6.888527 0.149200
-6.826627 0.152900
-6.764827 0.156700
-6.702927 0.160700
-6.641027 0.164800
-6.579227 0.169200
-6.517327 0.173700
-6.455427 0.178300
-6.393627 0.183200
-6.331727 0.188300
-6.269827 0.194100
-6.208027 0.200300
-6.146127 0.206800
-6.084227 0.213700
-6.022427 0.221100
-5.960527 0.228900
-5.898627 0.237200
-5.836827 0.246200
-5.774927 0.257300
-5.713027 0.269400
-5.651227 0.283100
-5.589327 0.298200
-5.527427 0.315300
-5.465627 0.334400
-5.403727 0.356400
-5.341827 0.381700
-5.280027 0.418500
-5.218127 0.467700
-5.156227 0.534300
-5.094427 0.628100
-5.032527 0.738200
-4.970627 0.779300
-4.908827 0.877000
-4.846927 1.164900
-4.785027 1.174500
-4.723227 1.182100
-4.661327 1.234800
-4.599427 1.240900
-4.537627 1.271800
-4.475727 1.294400
-4.413827 1.454500
-4.352027 1.759300
-4.290127 1.962000
-4.228327 2.145100
-4.166427 2.362500
-4.104527 2.473100
-4.042727 2.370600
-3.980827 2.285200
-3.918927 1.816400
-3.857127 2.212300
-3.795227 2.260300
-3.733327 2.174500
-3.671527 2.027500
-3.609627 1.820200
-3.547727 2.308300
-3.485927 2.654800
-3.424027 2.935800
-3.362127 3.088800
-3.300327 3.274700
-3.238427 3.162400
-3.176527 3.320300
-3.114727 4.007800
-3.052827 3.982200
-2.990927 3.897100
-2.929127 4.126000
-2.867227 6.405700
-2.805327 3.154400
-2.743527 3.491000
-2.681627 2.819500
-2.619727 2.598300
-2.557927 2.682300
-2.496027 2.631500
-2.434127 3.366700
-2.372327 3.537200
-2.310427 3.776000
-2.248527 4.075300
-2.186727 3.557900
-2.124827 3.292600
-2.062927 3.098700
-2.001127 3.101900
-1.939227 3.227200
-1.877327 3.390600
-1.815527 3.799500
-1.753627 4.373400
-1.691727 6.748000
-1.629927 5.200600
-1.568027 2.967800
-1.506227 1.827600
-1.444327 0.451000
-1.382427 0.445400
-1.320627 0.430900
-1.258727 0.392900
-1.196827 0.387500
-1.135027 0.386000
-1.073127 0.384800
-1.011227 0.381900
-0.949427 0.365300
-0.887527 0.359100
-0.825627 0.355200
-0.763827 0.352200
-0.701927 0.350400
-0.640027 0.347600
-0.578227 0.340300
-0.516327 0.330100
-0.454427 0.325300
-0.392627 0.322300
-0.330727 0.320500
-0.268827 0.319300
-0.207027 0.318100
-0.145127 0.316700
-0.083227 0.313800
-0.021427 0.305400
0.040473 0.300700
0.102373 0.297700
0.164173 0.295300
0.226073 0.293600
0.287973 0.292200
0.349773 0.291000
0.411673 0.289800
0.473573 0.288000
0.535373 0.286300
0.597273 0.282200
0.659173 0.278200
0.720973 0.275700
0.782873 0.273600
0.844773 0.271900
0.906573 0.270400
0.968473 0.269000
1.030373 0.267600
1.092173 0.266200
1.154073 0.265500
1.215973 0.265300
1.277773 0.265300
1.339673 0.265500
1.401473 0.264600
1.463373 0.263900
1.525273 0.276400
1.587073 0.259500
1.648973 0.258100
1.710873 0.254400
1.772673 0.249700
1.834573 0.246300
1.896473 0.244900
1.958273 0.242700
2.020173 0.240800
2.082073 0.239500
2.143873 0.235100
2.205773 0.229400
2.267673 0.225000
2.329473 0.221500
2.391373 0.218200
2.453273 0.215000
2.515073 0.212200
2.576973 0.208100
2.638873 0.203900
2.700673 0.201900
2.762573 0.197000
2.824473 0.193700
2.886273 0.190800
2.948173 0.187900
3.010073 0.184700
3.071873 0.180800
3.133773 0.176500
3.195673 0.172400
3.257473 0.168800
3.319373 0.164900
3.381273 0.160500
3.443073 0.156300
3.504973 0.151700
3.566873 0.148200
3.628673 0.144800
3.690573 0.140700
3.752473 0.154900
3.814273 0.229900
3.876173 0.232200
3.938073 0.256400
3.999873 0.258100
4.061773 0.273300
4.123673 0.328400
4.185473 0.284400
4.247373 0.302700
4.309173 0.298900
4.371073 0.291900
4.432973 0.294000
4.494773 0.298700
4.556673 0.274100
4.618573 0.261300
4.680373 0.262500
4.742273 0.265200
4.804173 0.269500
4.865973 0.290800
4.927873 0.273600
4.989773 0.282800
5.051573 0.296200
5.113473 0.288700
5.175373 0.288000
5.237173 0.282800
5.299073 0.282900
5.360973 0.285200
5.422773 0.290500
5.484673 0.278500
5.546573 0.275400
5.608373 0.273700
5.670273 0.269400
5.732173 0.265000
5.793973 0.260700
5.855873 0.257800
5.917773 0.254000
5.979573 0.252100
6.041473 0.249400
6.103373 0.264700
6.165173 0.268000
6.227073 0.257700
6.288973 0.243000
6.350773 0.241600
6.412673 0.240100
6.474573 0.237700
6.536373 0.234400
6.598273 0.232500
6.660173 0.231600
6.721973 0.231600
6.783873 0.231500
6.845773 0.231000
6.907573 0.230400
6.969473 0.228700
7.031273 0.229400
7.093173 0.237500
7.155073 0.271900
7.216873 0.290300
7.278773 0.314000
7.340673 0.315000
7.402473 0.339300
7.464373 0.312500
7.526273 0.296800
7.588073 0.294100
7.649973 0.281800
7.711873 0.274100
7.773673 0.283300
7.835573 0.303900
7.897473 0.313900
7.959273 0.321600
8.021173 0.355200
8.083073 0.358700
8.144873 0.360400
8.206773 0.356600
8.268673 0.352200
8.330473 0.356600
8.392373 0.360800
8.454273 0.354500
8.516073 0.349300
8.577973 0.350800
8.639873 0.347500
8.701673 0.346900
8.763573 0.345100
8.825473 0.346900
8.887273 0.345100
8.949173 0.341300
9.011073 0.348300
9.072873 0.352600
9.134773 0.358900
9.196673 0.357600
9.258473 0.356900
9.320373 0.359600
9.382273 0.363200
9.444073 0.365200
9.505973 0.362900
9.567873 0.364400
9.629673 0.367300
9.691573 0.374900
9.753473 0.373200
9.815273 0.371100
9.877173 0.366800
9.938973 0.364700
10.000873 0.365200
10.062773 0.367400
10.124573 0.366200
10.186473 0.364700
10.248373 0.365500
10.310173 0.366800
10.372073 0.367100
10.433973 0.372300
10.495773 0.371600
10.557673 0.373900
10.619573 0.374100
10.681373 0.375500
10.743273 0.377000
10.805173 0.379700
10.866973 0.382400
10.928873 0.380900
10.990773 0.380600
11.052573 0.381500
11.114473 0.382400
11.176373 0.383600
11.238173 0.387000
11.300073 0.389600
11.361973 0.386300
11.423773 0.387300
11.485673 0.389800
11.547573 0.389400
11.609373 0.391400
11.671273 0.391300
11.733173 0.397200
11.794973 0.390800
11.856873 0.392400
11.918773 0.395400
11.980573 0.398700
12.042473 0.397800
12.104373 0.398800
12.166173 0.406300
12.228073 0.401100
12.289973 0.403900
12.351773 0.408200
12.413673 0.413400
12.475573 0.411800
12.537373 0.411500
12.599273 0.413100
12.661173 0.421400
12.722973 0.428000
12.784873 0.432500
12.846673 0.437100
12.908573 0.449300
12.970473 0.450900
13.032273 0.456600
13.094173 0.458100
13.156073 0.461500
13.217873 0.457100
13.279773 0.450800
13.341673 0.450000
13.403473 0.451100
13.465373 0.452300
13.527273 0.449200
13.589073 0.447000
13.650973 0.444000
13.712873 0.441100
13.774673 0.437400
13.836573 0.433500
13.898473 0.431500
13.960273 0.432700
14.022173 0.430700
14.084073 0.427600
14.145873 0.424500
14.207773 0.422800
14.269673 0.421100
14.331473 0.418700
14.393373 0.417200
14.455273 0.415400
14.517073 0.413900
14.578973 0.412600
14.640873 0.412700
14.702673 0.411300
14.764573 0.409300
14.826473 0.406400
14.888273 0.402300
14.950173 0.398700
15.012073 0.395900
15.073873 0.393000
15.135773 0.390400
15.197673 0.388300
15.259473 0.386600
15.321373 0.385200
15.383273 0.383700
15.445073 0.382400
15.506973 0.380900
15.568773 0.379000
15.630673 0.377300
15.692573 0.374100
15.754373 0.372000
15.816273 0.369900
15.878173 0.367400
15.939973 0.365000
16.001873 0.362600
16.063773 0.360100
16.125573 0.357400
16.187473 0.355000
16.249373 0.353000
16.311173 0.351900
16.373073 0.349800
16.434973 0.347700
16.496773 0.346100
16.558673 0.344400
16.620573 0.342300
16.682373 0.339700
16.744273 0.337300
16.806173 0.334800
16.867973 0.332300
16.929873 0.330000
16.991773 0.327800
17.053573 0.325800
17.115473 0.323700
17.177373 0.321300
17.239173 0.318700
17.301073 0.316400
17.362973 0.314700
17.424773 0.312500
17.486673 0.310200
17.548573 0.309000
17.610373 0.310600
17.672273 0.312800
17.734173 0.315800
17.795973 0.318800
17.857873 0.320500
17.919773 0.321700
17.981573 0.322600
18.043473 0.323200
18.105373 0.323900
18.167173 0.324900
18.229073 0.326200
18.290973 0.328600
18.352773 0.331300
18.414673 0.334200
18.476473 0.337100
18.538373 0.341100
18.600273 0.345400
18.662073 0.350300
18.723973 0.354900
18.785873 0.360700
18.847673 0.367500
18.909573 0.374500
18.971473 0.381400
19.033273 0.387900
19.095173 0.394200
19.157073 0.400300
19.218873 0.406200
19.280773 0.412000
19.342673 0.417800
19.404473 0.423100
19.466373 0.428000
19.528273 0.432800
19.590073 0.437300
19.651973 0.441300
19.713873 0.445700
19.775673 0.449700
19.837573 0.452100
19.899473 0.453900
19.961273 0.456000
20.023173 0.457800
20.085073 0.460600
20.146873 0.462700
20.208773 0.466800
20.270673 0.473800
20.332473 0.482400
20.394373 0.492300
20.456273 0.499700
20.518073 0.504200
20.579973 0.507600
20.641873 0.511500
20.703673 0.517700
20.765573 0.522700
20.827473 0.526400
20.889273 0.529100
20.951173 0.531200
21.013073 0.533800
21.074873 0.537300
21.136773 0.541100
21.198573 0.544900
21.260473 0.550100
21.322373 0.555900
21.384173 0.561100
21.446073 0.566300
21.507973 0.571500
21.569773 0.577700
21.631673 0.585100
21.693573 0.591000
21.755373 0.595900
21.817273 0.623700
21.879173 0.639500
21.940973 0.626300
22.002873 0.619800
22.064773 0.606600
22.126573 0.593000
22.188473 0.587700
22.250373 0.581100
22.312173 0.573500
22.374073 0.568100
22.435973 0.577800
22.497773 0.582300
22.559673 0.564600
22.621573 0.552500
22.683373 0.545200
22.745273 0.537800
22.807173 0.526300
22.868973 0.521800
22.930873 0.517800
22.992773 0.512800
23.054573 0.507500
23.116473 0.502300
23.178373 0.495100
23.240173 0.486600
23.302073 0.482800
23.363973 0.488200
23.425773 0.489900
23.487673 0.480500
23.549573 0.466000
23.611373 0.460600
23.673273 0.456300
23.735173 0.453200
23.796973 0.449600
23.858873 0.444500
23.920773 0.439200
23.982573 0.432600
24.044473 0.426800
24.106273 0.423100
24.168173 0.418700
24.230073 0.411700
24.291873 0.403600
24.353773 0.395000
24.415673 0.388700
24.477473 0.389200
24.539373 0.380300
24.601273 0.372800
24.663073 0.368600
24.724973 0.361400
24.786873 0.353000
24.848673 0.347000
24.910573 0.343000
24.972473 0.341100
25.034273 0.340200
25.096173 0.344200
25.158073 0.342200
25.219873 0.348200
25.281773 0.350900
25.343673 0.353700
25.405473 0.344900
25.467373 0.334400
25.529273 0.333200
25.591073 0.330700
25.652973 0.321000
25.714873 0.308500
25.776673 0.308700
25.838573 0.311300
25.900473 0.327500
25.962273 0.335500
26.024173 0.309200
26.086073 0.307200
26.147873 0.306600
26.209773 0.321000
26.271673 0.335700
26.333473 0.334500
26.395373 0.345200
26.457273 0.360200
26.519073 0.389600
26.580973 0.409000
26.642873 0.419800
26.704673 0.452300
26.766573 0.482100
26.828473 0.531300
26.890273 0.584600
26.952173 0.667200
27.013973 0.648500
27.075873 0.656000
27.137773 0.661300
27.199573 0.620300
27.261473 0.620800
27.323373 0.611500
27.385173 0.584900
27.447073 0.561900
27.508973 0.568100
27.570773 0.563800
27.632673 0.555800
27.694573 0.549200
27.756373 0.546600
27.818273 0.551900
27.880173 0.564100
27.941973 0.596500
28.003873 0.567700
28.065773 0.558900
28.127573 0.566400
28.189473 0.565100
28.251373 0.529000
28.313173 0.509500
28.375073 0.502900
28.436973 0.494000
28.498773 0.472800
28.560673 0.463900
28.622573 0.458000
28.684373 0.453000
28.746273 0.449100
28.808173 0.443600
28.869973 0.430300
28.931873 0.429000
28.993773 0.430000
29.055573 0.440600
29.117473 0.432700
29.179373 0.423200
29.241173 0.411700
29.303073 0.412100
29.364973 0.412300
29.426773 0.414500
29.488673 0.421200
29.550573 0.425600
29.612373 0.429500
29.674273 0.433800
29.736073 0.485600
29.797973 0.479800
29.859873 0.449700
29.921673 0.430800
29.983573 0.421000
30.045473 0.417300
30.107273 0.420700
30.169173 0.443100
30.231073 0.445800
30.292873 0.460100
30.354773 0.483900
30.416673 0.501700
30.478473 0.492900
30.540373 0.505600
30.602273 0.539900
30.664073 0.544500
30.725973 0.560400
30.787873 0.573300
30.849673 0.577200
30.911573 0.579300
30.973473 0.583300
31.035273 0.591900
31.097173 0.612200
31.159073 0.623400
31.220873 0.616100
31.282773 0.611000
31.344673 0.576700
31.406473 0.569900
31.468373 0.558100
31.530273 0.550900
31.592073 0.545000
31.653973 0.540400
31.715873 0.538800
31.777673 0.536200
31.839573 0.531400
31.901473 0.531600
31.963273 0.534800
32.025173 0.534100
32.087073 0.533000
32.148873 0.536700
32.210773 0.549500
32.272673 0.582900
32.334473 0.599800
32.396373 0.579100
32.458273 0.588300
32.520073 0.595400
32.581973 0.607300
32.643773 0.624900
32.705673 0.647100
32.767573 0.675100
32.829373 0.710600
32.891273 0.760100
32.953173 0.818400
33.014973 0.944000
33.076873 1.199400
33.138773 1.524000
33.200573 2.377200
33.262473 2.954000
33.324373 8.959400
33.386173 4.078900
33.448073 1.057600
33.509973 0.660900
33.571773 0.527700
33.633673 0.459700
33.695573 0.419100
33.757373 0.383700
33.819273 0.349100
33.881173 0.317200
33.942973 0.292400
34.004873 0.272100
34.066773 0.254300
34.128573 0.238600
34.190473 0.224600
34.252373 0.212200
34.314173 0.200900
34.376073 0.190500
34.437973 0.180700
34.499773 0.171400
34.561673 0.162700
34.623573 0.154700
34.685373 0.146300
34.747273 0.137700
34.809173 0.128800
34.870973 0.119100
34.932873 0.108400
34.994773 0.099100
35.056573 0.091600
35.118473 0.085900
35.180373 0.082500
35.242173 0.081000
35.304073 0.079700
35.365973 0.078600
35.427773 0.077400
35.489673 0.076300
35.551473 0.075300
35.613373 0.074200
35.675273 0.073200
35.737073 0.072100
35.798973 0.071100
35.860873 0.070200
35.922673 0.069200
35.984573 0.068100
36.046473 0.066700
36.108273 0.065700
36.170173 0.064800
36.232073 0.064000
36.293873 0.063100
36.355773 0.062300
36.417673 0.061400
36.479473 0.060600
36.541373 0.059800
36.603273 0.059000
36.665073 0.058200
36.726973 0.057400
36.788873 0.056600
36.850673 0.055800
36.912573 0.055000
36.974473 0.054200
37.036273 0.053400
37.098173 0.052600
37.160073 0.051900
37.221873 0.051100
37.283773 0.050400
37.345673 0.049700
37.407473 0.049000
37.469373 0.048300
37.531273 0.047600
37.593073 0.046900
37.654973 0.046300
37.716873 0.045500
37.778673 0.044800
37.840573 0.044100
37.902473 0.043300
37.964273 0.042600
38.026173 0.041900
38.088073 0.041200
38.149873 0.040600
38.211773 0.039900
38.273573 0.039300
38.335473 0.038600
38.397373 0.038000
38.459173 0.037300
38.521073 0.036700
38.582973 0.036100
38.644773 0.035400
38.706673 0.034800
38.768573 0.034200
38.830373 0.033600
38.892273 0.033000
38.954173 0.032400
39.015973 0.031800
39.077873 0.031300
39.139773 0.030700
39.201573 0.030100
39.263473 0.029600
39.325373 0.029100
39.387173 0.028500
39.449073 0.028000
39.510973 0.027500
39.572773 0.027000
39.634673 0.026500
39.696573 0.026000
39.758373 0.025500
39.820273 0.025000
39.882173 0.024500
39.943973 0.024000
40.005873 0.023500
40.067773 0.023000
40.129573 0.022500
40.191473 0.022100
40.253373 0.021600
40.315173 0.021100
40.377073 0.020700
40.438973 0.020200
40.500773 0.019800
40.562673 0.019300
40.624573 0.018900
40.686373 0.018500
40.748273 0.018100
40.810173 0.017700
40.871973 0.017300
40.933873 0.016900
40.995773 0.016500
41.057573 0.016100
41.119473 0.015700
41.181273 0.015200
41.243173 0.014800
41.305073 0.014300
41.366873 0.013800
41.428773 0.013300
41.490673 0.012900
41.552473 0.012500
41.614373 0.012100
41.676273 0.011600
41.738073 0.011100
41.799973 0.010700
41.861873 0.010200
41.923673 0.009600
41.985573 0.009100
42.047473 0.008600
42.109273 0.008100
42.171173 0.007200
42.233073 0.006000
42.294873 0.004700
42.356773 0.003300
42.418673 0.002000
42.480473 0.000900
42.542373 0.000100
42.604273 0.000000
42.666073 0.000000
42.727973 0.000000
42.789873 0.000000
42.851673 0.000000
42.913573 0.000000
42.975473 0.000000
43.037273 0.000000
43.099173 0.000000
43.161073 0.000000
43.222873 0.000000
43.284773 0.000000
43.346673 0.000000
43.408473 0.000000
43.470373 0.000000
43.532273 0.000000
43.594073 0.000000
43.655973 0.000000
43.717873 0.000000
43.779673 0.000000
43.841573 0.000000
43.903473 0.000000
43.965273 0.000000
44.027173 0.000000
44.088973 0.000000
44.150873 0.000000
44.212773 0.000000
44.274573 0.000000
44.336473 0.000000
44.398373 0.000000
44.460173 0.000000
44.522073 0.000000
44.583973 0.000000
44.645773 0.000000
44.707673 0.000000
44.769573 0.000000
44.831373 0.000000
44.893273 0.000000
44.955173 0.000000
45.016973 0.000000
45.078873 0.000000
45.140773 0.000000
45.202573 0.000000
45.264473 0.000000
45.326373 0.000000
45.388173 0.000000
45.450073 0.000000
45.511973 0.000000
45.573773 0.000000
45.635673 0.000000
45.697573 0.000000
45.759373 0.000000
45.821273 0.000000
45.883173 0.000000
45.944973 0.000000
46.006873 0.000000
46.068773 0.000000
46.130573 0.000000
46.192473 0.000000
46.254373 0.000000
46.316173 0.000000
46.378073 0.000000
46.439973 0.000000
46.501773 0.000000
46.563673 0.000000
46.625573 0.000000
46.687373 0.000000
46.749273 0.000000
46.811073 0.000000
46.872973 0.000000
46.934873 0.000000
46.996673 0.000000
47.058573 0.000000
47.120473 0.000000
47.182273 0.000000
47.244173 0.000000
47.306073 0.000000
47.367873 0.000000
47.429773 0.000000
47.491673 0.000000
47.553473 0.000000
47.615373 0.000000
47.677273 0.000000
47.739073 0.000000
47.800973 0.000000
47.862873 0.000000
47.924673 0.000000
47.986573 0.000000
48.048473 0.000000
48.110273 0.000000
48.172173 0.000000
