Energy(eV) Total_DOS
-21.412701 0.000000
-21.350801 0.000000
-21.289001 0.000000
-21.227101 0.000000
-21.165201 0.000000
-21.103301 0.000000
-21.041501 0.000000
-20.979601 0.000000
-20.917701 0.000000
-20.855801 0.000000
-20.794001 0.000000
-20.732101 0.000000
-20.670201 0.000000
-20.608301 0.000000
-20.546501 0.000000
-20.484601 0.000000
-20.422701 0.000000
-20.360801 0.000000
-20.299001 0.000000
-20.237101 0.000000
-20.175201 0.000000
-20.113301 0.000000
-20.051501 0.000000
-19.989601 0.000000
-19.927701 0.000000
-19.865801 0.000000
-19.804001 0.000000
-19.742101 0.000000
-19.680201 0.000000
-19.618301 0.000000
-19.556501 0.000000
-19.494601 0.000000
-19.432701 0.000000
-19.370801 0.000000
-19.309001 0.000000
-19.247101 0.000000
-19.185201 0.000000
-19.123301 0.000000
-19.061501 0.000000
-18.999601 0.000000
-18.937701 0.000000
-18.875801 0.000000
-18.814001 0.000000
-18.752101 0.000000
-18.690201 0.000000
-18.628301 0.000000
-18.566501 0.000000
-18.504601 0.000000
-18.442701 0.000000
-18.380801 0.000000
-18.318901 0.000000
-18.257101 0.000000
-18.195201 0.000000
-18.133301 0.000000
-18.071401 0.000000
-18.009601 0.000000
-17.947701 0.000000
-17.885801 0.000000
-17.823901 0.000000
-17.762101 0.000000
-17.700201 0.000000
-17.638301 0.000000
-17.576401 0.000000
-17.514601 0.000000
-17.452701 0.000000
-17.390801 0.000000
-17.328901 0.000000
-17.267101 0.000000
-17.205201 0.000000
-17.143301 0.000000
-17.081401 0.000000
-17.019601 0.000000
-16.957701 0.000000
-16.895801 0.000000
-16.833901 0.000000
-16.772101 0.000000
-16.710201 0.000000
-16.648301 0.000000
-16.586401 0.000000
-16.524601 0.000000
-16.462701 0.000000
-16.400801 0.000000
-16.338901 0.000000
-16.277101 0.000000
-16.215201 0.000000
-16.153301 0.000000
-16.091401 0.000000
-16.029601 0.000000
-15.967701 0.000000
-15.905801 0.000000
-15.843901 0.000000
-15.782101 0.000700
-15.720201 0.102600
-15.658301 0.336900
-15.596401 0.449400
-15.534601 0.557700
-15.472701 0.709800
-15.410801 0.897600
-15.348901 1.304400
-15.287101 1.400700
-15.225201 1.576600
-15.163301 1.940200
-15.101401 3.201500
-15.039601 4.294600
-14.977701 9.203900
-14.915801 12.014600
-14.853901 17.702200
-14.792101 0.000000
-14.730201 0.000000
-14.668301 0.000000
-14.606401 0.000000
-14.544601 0.000000
-14.482701 0.000000
-14.420801 0.000000
-14.358901 0.000000
-14.297101 0.000000
-14.235201 0.000000
-14.173301 0.000000
-14.111401 0.000000
-14.049601 0.000000
-13.987701 0.000000
-13.925801 0.000000
-13.863901 0.000000
-13.802101 0.000000
-13.740201 0.000000
-13.678301 0.000000
-13.616401 0.000000
-13.554601 0.000000
-13.492701 0.000000
-13.430801 43.449200
-13.368901 34.055800
-13.307101 38.623000
-13.245201 66.543600
-13.183301 48.526700
-13.121401 1.609500
-13.059601 1.464200
-12.997701 1.376200
-12.935801 1.179300
-12.873901 1.063300
-12.812001 1.209900
-12.750201 1.210500
-12.688301 1.255200
-12.626401 1.289900
-12.564501 1.351600
-12.502701 1.390400
-12.440801 1.455600
-12.378901 1.532000
-12.317001 1.635100
-12.255201 1.757100
-12.193301 1.905400
-12.131401 2.263000
-12.069501 2.475700
-12.007701 2.585400
-11.945801 2.726500
-11.883901 3.063000
-11.822001 2.486600
-11.760201 2.688200
-11.698301 2.976600
-11.636401 2.746800
-11.574501 2.719600
-11.512701 3.526000
-11.450801 3.739400
-11.388901 3.627400
-11.327001 1.939200
-11.265201 0.066900
-11.203301 0.000000
-11.141401 0.000000
-11.079501 0.000000
-11.017701 0.000000
-10.955801 0.000000
-10.893901 0.000000
-10.832001 0.000000
-10.770201 0.000000
-10.708301 0.000000
-10.646401 0.000000
-10.584501 0.000000
-10.522701 0.000000
-10.460801 0.000000
-10.398901 0.000000
-10.337001 0.000000
-10.275201 0.000000
-10.213301 0.000000
-10.151401 0.000000
-10.089501 0.000000
-10.027701 0.000000
-9.965801 0.000000
-9.903901 0.000000
-9.842001 0.000000
-9.780201 0.000000
-9.718301 0.000000
-9.656401 0.000000
-9.594501 0.000000
-9.532701 0.000000
-9.470801 0.000000
-9.408901 0.000000
-9.347001 0.000000
-9.285201 0.000000
-9.223301 0.000000
-9.161401 0.000000
-9.099501 0.000000
-9.037701 0.000000
-8.975801 0.000000
-8.913901 0.000000
-8.852001 0.000000
-8.790201 0.000000
-8.728301 0.000000
-8.666401 0.000000
-8.604501 0.000000
-8.542701 0.000000
-8.480801 0.000000
-8.418901 0.000000
-8.357001 0.000000
-8.295201 0.000000
-8.233301 0.000000
-8.171401 0.000000
-8.109501 0.000000
-8.047701 0.000000
-7.985801 0.000000
-7.923901 0.000000
-7.862001 0.000000
-7.800201 0.000000
-7.738301 0.000000
-7.676401 0.000000
-7.614501 0.000000
-7.552701 0.000000
-7.490801 0.000000
-7.428901 0.000000
-7.367001 0.000000
-7.305101 0.000000
-7.243301 0.000000
-7.181401 0.000000
-7.119501 0.000000
-7.057601 0.000000
-6.995801 0.000000
-6.933901 0.000000
-6.872001 0.002200
-6.810101 0.015800
-6.748301 0.041600
-6.686401 0.063100
-6.624501 0.084500
-6.562601 0.107700
-6.500801 0.776900
-6.438901 0.923300
-6.377001 1.088800
-6.315101 1.356400
-6.253301 1.528800
-6.191401 1.676500
-6.129501 2.616400
-6.067601 2.659300
-6.005801 2.828000
-5.943901 3.878000
-5.882001 3.419400
-5.820101 3.084900
-5.758301 2.379800
-5.696401 1.786900
-5.634501 1.529000
-5.572601 1.476200
-5.510801 1.469100
-5.448901 1.524300
-5.387001 1.549900
-5.325101 1.577600
-5.263301 1.613500
-5.201401 1.596000
-5.139501 1.389600
-5.077601 1.270200
-5.015801 1.176500
-4.953901 1.091200
-4.892001 1.013400
-4.830101 0.944600
-4.768301 1.046300
-4.706401 1.690900
-4.644501 0.655600
-4.582601 0.661000
-4.520801 0.660500
-4.458901 0.670800
-4.397001 0.690800
-4.335101 0.716700
-4.273301 1.066500
-4.211401 1.064100
-4.149501 1.201200
-4.087601 1.283100
-4.025801 1.321300
-3.963901 1.360400
-3.902001 1.392100
-3.840101 1.419500
-3.778301 1.482300
-3.716401 1.430100
-3.654501 1.355500
-3.592601 1.303000
-3.530801 1.288200
-3.468901 1.387500
-3.407001 1.482300
-3.345101 1.596400
-3.283301 1.720000
-3.221401 1.852500
-3.159501 1.968100
-3.097601 2.132800
-3.035801 2.415700
-2.973901 2.341200
-2.912001 1.969000
-2.850101 1.907900
-2.788301 2.002000
-2.726401 2.245500
-2.664501 2.319800
-2.602601 2.147400
-2.540801 1.999600
-2.478901 2.027200
-2.417001 2.081600
-2.355101 2.175700
-2.293301 2.265400
-2.231401 2.490700
-2.169501 2.589600
-2.107601 2.571900
-2.045801 3.055700
-1.983901 3.340900
-1.922001 3.223900
-1.860101 2.906100
-1.798201 2.897000
-1.736401 2.905900
-1.674501 2.903000
-1.612601 2.722000
-1.550701 3.366200
-1.488901 3.852000
-1.427001 5.532900
-1.365101 7.314400
-1.303201 3.186000
-1.241401 2.937500
-1.179501 2.721300
-1.117601 2.571200
-1.055701 2.384900
-0.993901 2.132100
-0.932001 1.957500
-0.870101 1.856400
-0.808201 1.649600
-0.746401 1.460300
-0.684501 1.315200
-0.622601 1.221500
-0.560701 1.157500
-0.498901 1.150200
-0.437001 0.977300
-0.375101 0.795600
-0.313201 0.651400
-0.251401 0.533800
-0.189501 0.454900
-0.127601 0.253300
-0.065701 0.021200
-0.003901 0.000000
0.057999 0.000000
0.119899 0.000000
0.181799 0.000000
0.243599 0.000000
0.305499 0.000000
0.367399 0.000000
0.429299 0.000000
0.491099 0.000000
0.552999 0.000000
0.614899 0.000000
0.676799 0.000000
0.738599 0.000000
0.800499 0.000000
0.862399 0.000000
0.924299 0.000000
0.986099 0.000000
1.047999 0.000000
1.109899 0.000000
1.171799 0.000000
1.233599 0.000000
1.295499 0.000000
1.357399 0.000000
1.419299 0.000000
1.481099 0.000000
1.542999 0.000000
1.604899 0.000000
1.666799 0.000000
1.728599 0.000000
1.790499 0.000400
1.852399 0.001100
1.914299 0.002200
1.976099 0.003700
2.037999 0.005500
2.099899 0.007700
2.161799 0.010200
2.223599 0.013100
2.285499 0.016400
2.347399 0.020000
2.409299 0.024000
2.471099 0.028400
2.532999 0.033100
2.594899 0.038200
2.656799 0.051700
2.718599 0.059100
2.780499 0.066400
2.842399 0.073600
2.904299 0.080700
2.966099 0.087700
3.027999 0.094500
3.089899 0.101300
3.151799 0.107900
3.213599 0.116000
3.275499 0.125800
3.337399 0.136200
3.399299 0.147100
3.461099 0.158600
3.522999 0.170600
3.584899 0.183200
3.646799 0.196400
3.708699 0.210300
3.770499 0.232100
3.832399 0.254200
3.894299 0.278000
3.956199 0.305800
4.017999 0.338100
4.079899 0.458000
4.141799 0.566900
4.203699 0.698100
4.265499 0.859100
4.327399 1.039000
4.389299 1.307400
4.451199 1.468900
4.512999 1.602600
4.574899 1.693300
4.636799 1.755200
4.698699 1.802000
4.760499 1.738700
4.822399 1.581800
4.884299 1.514500
4.946199 1.415300
5.007999 1.443900
5.069899 1.479500
5.131799 1.521700
5.193699 1.584500
5.255499 1.675200
5.317399 1.796700
5.379299 1.945600
5.441199 2.402900
5.502999 3.077400
5.564899 2.376400
5.626799 2.065600
5.688699 2.001500
5.750499 1.963000
5.812399 1.797700
5.874299 1.517600
5.936199 1.472200
5.997999 1.520000
6.059899 1.636400
6.121799 1.697200
6.183699 1.513500
6.245499 1.332000
6.307399 1.156700
6.369299 0.672300
6.431199 0.660400
6.492999 0.651800
6.554899 0.646400
6.616799 0.648400
6.678699 0.671600
6.740499 0.710100
6.802399 0.765200
6.864299 0.876800
6.926199 1.215100
6.987999 1.410300
7.049899 1.648200
7.111799 1.808800
7.173699 2.011500
7.235499 4.190000
7.297399 3.253000
7.359299 2.763600
7.421199 2.312300
7.482999 1.856200
7.544899 1.784400
7.606799 0.948500
7.668699 0.968600
7.730499 5.012300
7.792399 6.404300
7.854299 6.345300
7.916199 5.510900
7.977999 2.926600
8.039899 2.471900
8.101799 2.041300
8.163699 1.481700
8.225499 1.004100
8.287399 0.648700
8.349299 0.508200
8.411199 0.441100
8.472999 0.388200
8.534899 0.340200
8.596799 0.302600
8.658699 0.801800
8.720499 0.747800
8.782399 0.663100
8.844299 0.674700
8.906199 1.011500
8.967999 1.145900
9.029899 1.218500
9.091799 1.321500
9.153699 1.482200
9.215599 1.740600
9.277399 1.992200
9.339299 2.517200
9.401199 3.035900
9.463099 3.298900
9.524899 3.517600
9.586799 3.706100
9.648699 3.627600
9.710599 3.490800
9.772399 3.552800
9.834299 3.582900
9.896199 2.927200
9.958099 2.523500
10.019899 2.227100
10.081799 2.175900
10.143699 2.206400
10.205599 2.228500
10.267399 2.188300
10.329299 1.831500
10.391199 2.080100
10.453099 1.880300
10.514899 1.210200
10.576799 0.595100
10.638699 0.557900
10.700599 0.978100
10.762399 1.727300
10.824299 1.832000
10.886199 1.729500
10.948099 1.639800
11.009899 1.563100
11.071799 1.582600
11.133699 1.614200
11.195599 1.639100
11.257399 1.655200
11.319299 1.716700
11.381199 1.794500
11.443099 1.914600
11.504899 1.811400
11.566799 1.681500
11.628699 1.579600
11.690599 1.564500
11.752399 1.533800
11.814299 1.487400
11.876199 1.462300
11.938099 1.381500
11.999899 1.307700
12.061799 1.245400
12.123699 1.195100
12.185599 1.141200
12.247399 1.111800
12.309299 1.069100
12.371199 1.139800
12.433099 1.262700
12.494899 1.590000
12.556799 1.200600
12.618699 1.232000
12.680599 1.273700
12.742399 1.325800
12.804299 1.407300
12.866199 1.611800
12.928099 1.870900
12.989899 2.367700
13.051799 2.787900
13.113699 2.432900
13.175599 1.716300
13.237399 1.035200
13.299299 1.320600
13.361199 1.513400
13.423099 1.681200
13.484899 1.800200
13.546799 1.882000
13.608699 1.723400
13.670599 1.439500
13.732399 1.237600
13.794299 1.109400
13.856199 1.038600
13.918099 1.055500
13.979899 1.113400
14.041799 1.164100
14.103699 1.207600
14.165599 1.349600
14.227399 1.331700
14.289299 1.322500
14.351199 1.554100
14.413099 2.642900
14.474999 1.065200
14.536799 0.444700
14.598699 0.464700
14.660599 0.501700
14.722499 0.539600
14.784299 0.578500
14.846199 0.617800
14.908099 0.657200
14.969999 0.699400
15.031799 0.765400
15.093699 0.899700
15.155599 2.861000
15.217499 1.388600
15.279299 1.477800
15.341199 1.531400
15.403099 1.609500
15.464999 1.940500
15.526799 1.613700
15.588699 1.463400
15.650599 1.365000
15.712499 1.263400
15.774299 0.984800
15.836199 0.901400
15.898099 0.834500
15.959999 0.790500
16.021799 0.760200
16.083699 0.762100
16.145599 0.754200
16.207499 0.763400
16.269299 0.770900
16.331199 0.774800
16.393099 0.771800
16.454999 0.769200
16.516799 0.771700
16.578699 0.773200
16.640599 0.711300
16.702499 0.701800
16.764299 0.719500
16.826199 0.739200
16.888099 0.761000
16.949999 0.784800
17.011799 0.802900
17.073699 1.325900
17.135599 0.869700
17.197499 0.831200
17.259299 0.818700
17.321199 0.851500
17.383099 0.814700
17.444999 0.851800
17.506799 0.895000
17.568699 0.944200
17.630599 1.250000
17.692499 1.356300
17.754299 1.274600
17.816199 1.317800
17.878099 1.520600
17.939999 2.054100
18.001799 1.872300
18.063699 1.748300
18.125599 1.668300
18.187499 1.591300
18.249299 1.620800
18.311199 1.856000
18.373099 1.556000
18.434999 1.511000
18.496799 1.502100
18.558699 1.543200
18.620599 1.823900
18.682499 1.908900
18.744299 1.863700
18.806199 2.021800
18.868099 2.220200
18.929999 2.061400
18.991799 2.136500
19.053699 2.204800
19.115599 2.190100
19.177499 2.107100
19.239299 2.155200
19.301199 2.016800
19.363099 1.557700
19.424999 1.368000
19.486799 1.220100
19.548699 1.097400
19.610599 1.000000
19.672499 0.913100
19.734299 0.832200
19.796199 0.779300
19.858099 0.778100
19.919999 0.793900
19.981899 0.826600
20.043699 1.020700
20.105599 0.982300
20.167499 1.039200
20.229399 1.232300
20.291199 1.610400
20.353099 1.822600
20.414999 2.006100
20.476899 2.240000
20.538699 2.299800
20.600599 2.358300
20.662499 2.368100
20.724399 2.386400
20.786199 2.237400
20.848099 2.007900
20.909999 1.799500
20.971899 1.731400
21.033699 1.820400
21.095599 1.928500
21.157499 2.017100
21.219399 2.108200
21.281199 1.942000
21.343099 1.848200
21.404999 1.854300
21.466899 1.878000
21.528699 1.980800
21.590599 2.296200
21.652499 2.490000
21.714399 2.226900
21.776199 2.043600
21.838099 1.596000
21.899999 1.490800
21.961899 1.324300
22.023699 1.129500
22.085599 0.980300
22.147499 0.899900
22.209399 0.905600
22.271199 0.978700
22.333099 0.858900
22.394999 0.878800
22.456899 0.915500
22.518699 0.963900
22.580599 0.956500
22.642499 0.992500
22.704399 1.050900
22.766199 1.107100
22.828099 1.161200
22.889999 1.211500
22.951899 1.257700
23.013699 1.294900
23.075599 1.183200
23.137499 1.131300
23.199399 1.165400
23.261199 1.274300
23.323099 1.779200
23.384999 2.192600
23.446899 2.656300
23.508699 2.968400
23.570599 3.142400
23.632499 2.591600
23.694399 2.088700
23.756199 1.842700
23.818099 1.773100
23.879999 1.691300
23.941899 3.392900
24.003699 3.396000
24.065599 4.320000
24.127499 5.367400
24.189399 6.428600
24.251199 2.542300
24.313099 1.823500
24.374999 1.472300
24.436899 1.250400
24.498699 1.182400
24.560599 1.151200
24.622499 1.269400
24.684399 1.392400
24.746199 1.486900
24.808099 1.554600
24.869999 1.658300
24.931899 1.781900
24.993699 1.912200
25.055599 2.122400
25.117499 2.165500
25.179399 2.215900
25.241199 2.241300
25.303099 2.259000
25.364999 2.243500
25.426899 2.493800
25.488799 3.350600
25.550599 3.445300
25.612499 3.203300
25.674399 3.081800
25.736299 2.893200
25.798099 2.631200
25.859999 2.297000
25.921899 2.044300
25.983799 1.940000
26.045599 1.963000
26.107499 2.047200
26.169399 2.341100
26.231299 2.525400
26.293099 2.569600
26.354999 2.405700
26.416899 2.077700
26.478799 1.856000
26.540599 1.854100
26.602499 2.049200
26.664399 2.321700
26.726299 2.215900
26.788099 2.060000
26.849999 1.996000
26.911899 1.974800
26.973799 1.965700
27.035599 1.972500
27.097499 1.969600
27.159399 1.945200
27.221299 1.933100
27.283099 1.938100
27.344999 1.976700
27.406899 2.315900
27.468799 2.507500
27.530599 2.447900
27.592499 2.263400
27.654399 2.460300
27.716299 3.377300
27.778099 2.797000
27.839999 2.183800
27.901899 2.308600
27.963799 2.682400
28.025599 3.356700
28.087499 3.218000
28.149399 3.807500
28.211299 3.742900
28.273099 2.714100
28.334999 2.423800
28.396899 2.187500
28.458799 1.999600
28.520599 2.086100
28.582499 2.024900
28.644399 1.999600
28.706299 1.932600
28.768099 2.157800
28.829999 2.348700
28.891899 2.452400
28.953799 2.471300
29.015599 2.117600
29.077499 1.956400
29.139399 1.829900
29.201299 1.748100
29.263099 1.648400
29.324999 1.537300
29.386899 1.452400
29.448799 1.458400
29.510599 1.515700
29.572499 1.621100
29.634399 1.672200
29.696299 1.836700
29.758099 2.051200
29.819999 2.156900
29.881899 1.768900
29.943799 1.707600
30.005599 1.636900
30.067499 1.487600
30.129399 1.563900
30.191299 1.640300
30.253099 1.709600
30.314999 1.740400
30.376899 1.745400
30.438799 1.776900
30.500599 2.015100
30.562499 3.020200
30.624399 1.395800
30.686299 1.636400
30.748099 1.151600
30.809999 1.136500
30.871899 1.132300
30.933799 1.142700
30.995699 1.215300
31.057499 1.373100
31.119399 1.614700
31.181299 1.836100
31.243199 2.104800
31.304999 1.972300
31.366899 1.951000
31.428799 2.190000
31.490699 2.163600
31.552499 2.014100
31.614399 1.771000
31.676299 1.912200
31.738199 1.647500
31.799999 1.610200
31.861899 1.587300
31.923799 1.575700
31.985699 1.587900
32.047499 1.619500
32.109399 1.794300
32.171299 1.934300
32.233199 1.931400
32.294999 1.907700
32.356899 1.907000
32.418799 1.924100
32.480699 1.937500
32.542499 1.947000
32.604399 2.395200
32.666299 2.381600
32.728199 2.098200
32.789999 2.039200
32.851899 2.047900
32.913799 2.120700
32.975699 2.340800
33.037499 3.246900
33.099399 3.044800
33.161299 2.487400
33.223199 2.306200
33.284999 2.262200
33.346899 2.032600
33.408799 1.969200
33.470699 2.527300
33.532499 1.805900
33.594399 1.601600
33.656299 1.576500
33.718199 1.646600
33.779999 1.756500
33.841899 1.890900
33.903799 2.899700
33.965699 2.892700
34.027499 2.720600
34.089399 2.166500
34.151299 1.894400
34.213199 1.680900
34.274999 1.777900
34.336899 1.656500
34.398799 1.662200
34.460699 2.015800
34.522499 1.683600
34.584399 1.787300
34.646299 1.990500
34.708199 2.101100
34.769999 2.114500
34.831899 3.417300
34.893799 3.076400
34.955699 2.696800
35.017499 2.196000
35.079399 2.073400
35.141299 1.995900
35.203199 1.943900
35.264999 1.739400
35.326899 1.505300
35.388799 1.335300
35.450699 1.331800
35.512499 1.399000
35.574399 1.573800
35.636299 2.018100
35.698199 3.281200
35.759999 2.679500
35.821899 2.854600
35.883799 2.928000
35.945699 1.589400
36.007499 1.578400
36.069399 1.742700
36.131299 1.772900
36.193199 1.814600
36.254999 1.856800
36.316899 1.885000
36.378799 1.899600
36.440699 2.013500
36.502599 2.383900
36.564399 2.833200
36.626299 2.645800
36.688199 2.575000
36.750099 2.547200
36.811899 2.533400
36.873799 2.528600
36.935699 2.588600
36.997599 2.629600
37.059399 2.531600
37.121299 2.330500
37.183199 1.906100
37.245099 1.699800
37.306899 1.738000
37.368799 1.702400
37.430699 1.815100
37.492599 2.401100
37.554399 2.575300
37.616299 2.122500
37.678199 2.300700
37.740099 2.022000
37.801899 2.090500
37.863799 2.126700
37.925699 2.209000
37.987599 2.402900
38.049399 2.535300
38.111299 2.657400
38.173199 2.429500
38.235099 2.237500
38.296899 2.078100
38.358799 1.878700
38.420699 1.804400
38.482599 2.021000
38.544399 2.134500
38.606299 2.351000
38.668199 2.710400
38.730099 2.881000
38.791899 3.166800
38.853799 2.949900
38.915699 2.684000
38.977599 2.582600
39.039399 2.661600
39.101299 2.776700
39.163199 3.036600
39.225099 2.400000
39.286899 1.875200
39.348799 1.817500
39.410699 2.015300
39.472599 2.129500
39.534399 2.150700
39.596299 2.048200
39.658199 1.971600
39.720099 2.035100
39.781899 2.016600
39.843799 1.919500
39.905699 1.812300
39.967599 1.802000
40.029399 1.799900
40.091299 1.800000
40.153199 1.809600
40.215099 1.847600
40.276899 1.879300
40.338799 2.650500
40.400699 2.373600
40.462599 2.515800
40.524399 2.739100
40.586299 3.316700
40.648199 2.307800
40.710099 2.156300
40.771899 2.032200
40.833799 1.908900
40.895699 2.030300
40.957599 2.134800
41.019399 2.223000
41.081299 2.468200
41.143199 2.490900
41.205099 3.513700
41.266899 2.457200
41.328799 2.013900
41.390699 2.052600
41.452599 2.049400
41.514399 2.285600
41.576299 2.571900
41.638199 2.801300
41.700099 2.577500
41.761999 2.491600
41.823799 2.207100
41.885699 2.240500
41.947599 2.278900
42.009499 2.304700
42.071299 2.239100
42.133199 2.229900
42.195099 2.204300
42.256999 2.140200
42.318799 2.103500
42.380699 2.076100
42.442599 2.045800
42.504499 2.012100
42.566299 1.988500
42.628199 2.026900
42.690099 2.096900
42.751999 2.186000
42.813799 2.219600
42.875699 2.268500
42.937599 2.416800
42.999499 2.484900
43.061299 2.525700
43.123199 2.718600
43.185099 2.639200
43.246999 2.670500
43.308799 2.552500
43.370699 2.540000
43.432599 2.549700
43.494499 2.832300
43.556299 2.771200
43.618199 2.682300
43.680099 2.644600
43.741999 2.520900
43.803799 2.836000
43.865699 2.662300
43.927599 2.664800
43.989499 2.651400
44.051299 2.633000
44.113199 2.630900
44.175099 2.644800
44.236999 2.731900
44.298799 3.147400
44.360699 2.877000
44.422599 2.761800
44.484499 2.333100
44.546299 2.208400
44.608199 2.105400
44.670099 2.025800
44.731999 2.208900
44.793799 3.158200
44.855699 2.328700
44.917599 2.267400
44.979499 2.211800
45.041299 2.193700
45.103199 2.248000
45.165099 2.284200
45.226999 2.291900
45.288799 2.185400
45.350699 2.087500
45.412599 2.187400
45.474499 2.164300
45.536299 2.263700
45.598199 2.211900
45.660099 2.168300
45.721999 2.132800
45.783799 2.116900
45.845699 2.109500
45.907599 2.142800
45.969499 2.157500
46.031299 2.069400
46.093199 2.155100
46.155099 2.069700
46.216999 2.003800
46.278799 1.957900
46.340699 2.212800
46.402599 2.120100
46.464499 2.024000
46.526299 1.997900
46.588199 1.981300
46.650099 1.956000
46.711999 1.952800
46.773799 1.960900
46.835699 1.981100
46.897599 2.014300
46.959499 2.069100
47.021299 2.115000
47.083199 2.143300
47.145099 2.184300
47.206999 2.227300
47.268899 2.103400
47.330699 2.122500
47.392599 2.145100
47.454499 2.161900
47.516399 2.200100
47.578199 2.378400
47.640099 2.384000
47.701999 2.481600
47.763899 2.268900
47.825699 2.232300
47.887599 2.275800
47.949499 2.417400
48.011399 2.463700
48.073199 2.519600
48.135099 2.412400
48.196999 2.718400
48.258899 3.432400
48.320699 2.724100
48.382599 2.815200
48.444499 2.854800
48.506399 2.820400
48.568199 2.693900
48.630099 2.539300
48.691999 2.435300
48.753899 2.518500
48.815699 2.492000
48.877599 2.570300
48.939499 2.798600
49.001399 2.788800
49.063199 2.842900
49.125099 2.978400
49.186999 3.041200
49.248899 4.578400
49.310699 2.960000
49.372599 2.777200
49.434499 2.356200
49.496399 2.360000
49.558199 2.459200
49.620099 2.560500
49.681999 2.633400
49.743899 2.946600
49.805699 2.712900
49.867599 2.681400
49.929499 2.661400
49.991399 2.644200
50.053199 2.628600
50.115099 2.633400
50.176999 2.708000
50.238899 2.732800
50.300699 2.706200
50.362599 2.698100
50.424499 2.653600
50.486399 2.597000
50.548199 2.512700
50.610099 2.541800
50.671999 2.564200
50.733899 2.542900
50.795699 2.654200
50.857599 2.746600
50.919499 2.823500
50.981399 2.975600
51.043199 3.049900
51.105099 3.010200
51.166999 2.886600
51.228899 2.891700
51.290699 2.845700
51.352599 2.749000
51.414499 2.702700
51.476399 2.714500
51.538199 2.782000
51.600099 2.718500
51.661999 2.594400
51.723899 2.352700
51.785699 2.137700
51.847599 2.032400
51.909499 1.976600
51.971399 1.943400
52.033199 2.000600
52.095099 2.092700
52.156999 2.168100
52.218899 2.733100
52.280699 2.591600
52.342599 3.027800
52.404499 2.743700
52.466399 2.710600
52.528199 2.959000
52.590099 3.129500
52.651999 3.147900
52.713899 3.066400
52.775799 2.912800
52.837599 2.750500
52.899499 2.607800
52.961399 2.502500
53.023299 2.537400
53.085099 2.640800
53.146999 2.691500
53.208899 2.740400
53.270799 2.742000
53.332599 2.759500
53.394499 2.786200
53.456399 2.838500
53.518299 3.094600
53.580099 3.137900
53.641999 3.214500
53.703899 4.542300
53.765799 3.125200
53.827599 2.993000
53.889499 2.880200
53.951399 2.784300
54.013299 2.733200
54.075099 2.775900
54.136999 2.814900
54.198899 2.884400
54.260799 3.011700
54.322599 3.262400
54.384499 3.062200
54.446399 3.128000
54.508299 3.073500
54.570099 3.109000
54.631999 3.095800
54.693899 3.105900
54.755799 3.449100
54.817599 3.830400
54.879499 3.295700
54.941399 3.191600
55.003299 3.106200
55.065099 2.984600
55.126999 2.737100
55.188899 2.694900
55.250799 2.715600
55.312599 2.822200
55.374499 2.782000
55.436399 2.831300
55.498299 3.025900
55.560099 3.182200
55.621999 2.870900
55.683899 2.618300
55.745799 2.636500
55.807599 2.656900
55.869499 2.687300
55.931399 2.717700
55.993299 2.544500
56.055099 2.752300
56.116999 2.445500
56.178899 2.279900
56.240799 2.322100
56.302599 2.732900
56.364499 2.932800
56.426399 2.983500
56.488299 3.050100
56.550099 2.521200
56.611999 2.360900
56.673899 2.244900
56.735799 2.113900
56.797599 2.037700
56.859499 2.017900
56.921399 2.150200
56.983299 2.234000
57.045099 2.214800
57.106999 2.204900
57.168899 2.208800
57.230799 2.187600
57.292599 2.273300
57.354499 2.694600
57.416399 2.828900
57.478299 2.282000
57.540099 2.194400
57.601999 2.198800
57.663899 2.224500
57.725799 2.283900
57.787599 2.380600
57.849499 2.685300
57.911399 2.950400
57.973299 3.190600
58.035099 3.200100
58.096999 2.966200
58.158899 3.097100
58.220799 2.792100
58.282699 2.814400
58.344499 2.892500
58.406399 3.087800
58.468299 3.217400
58.530199 2.975200
58.591999 2.425500
58.653899 2.279200
58.715799 2.440600
58.777699 1.956900
58.839499 2.061800
58.901399 2.226400
58.963299 2.386500
59.025199 2.397300
59.086999 2.251400
59.148899 2.272300
59.210799 2.287000
59.272699 2.281300
59.334499 2.258900
59.396399 2.228700
59.458299 2.186800
59.520199 2.967200
59.581999 2.140900
59.643899 2.190400
59.705799 2.208500
59.767699 2.285100
59.829499 2.405400
59.891399 2.445900
59.953299 2.410700
60.015199 2.988000
60.076999 4.094100
60.138899 3.461700
60.200799 2.554700
60.262699 2.053200
60.324499 1.807700
60.386399 1.816400
60.448299 1.697400
60.510199 1.610300
60.571999 1.609300
60.633899 1.802700
60.695799 1.934800
60.757699 2.135000
60.819499 2.335400
60.881399 2.539700
60.943299 3.584500
61.005199 3.728900
61.066999 3.040600
61.128899 2.735600
61.190799 2.760600
61.252699 2.824300
61.314499 2.849000
61.376399 2.954100
61.438299 3.024600
61.500199 2.925200
61.561999 2.960800
61.623899 3.055500
61.685799 3.077600
61.747699 3.197600
61.809499 3.363800
61.871399 3.518000
61.933299 3.554600
61.995199 2.962300
62.056999 2.945000
62.118899 2.377600
62.180799 2.222600
62.242699 2.072700
62.304499 2.227900
62.366399 2.518900
62.428299 2.806500
62.490199 3.498400
62.551999 3.958500
62.613899 3.464800
62.675799 3.545700
62.737699 3.476500
62.799499 3.359700
62.861399 2.738800
62.923299 2.674200
62.985199 2.763800
63.046999 2.875700
63.108899 3.126000
63.170799 3.023800
63.232699 4.293900
63.294499 2.380400
63.356399 2.376900
63.418299 2.349400
63.480199 2.324000
63.541999 2.330700
63.603899 2.448300
63.665799 2.549000
63.727699 2.689600
63.789599 2.717100
63.851399 2.999500
63.913299 3.593300
63.975199 3.347900
64.037099 3.070900
64.098899 3.016000
64.160799 3.150400
64.222699 2.579900
64.284599 2.466000
64.346399 2.408500
64.408299 2.362400
64.470199 2.402300
64.532099 2.472200
64.593899 2.474600
64.655799 2.476800
64.717699 2.481000
64.779599 2.640000
64.841399 2.535500
64.903299 2.465600
64.965199 2.398400
65.027099 2.376700
65.088899 2.478000
65.150799 2.886700
65.212699 2.995500
65.274599 3.003900
65.336399 3.051000
65.398299 2.968700
65.460199 2.904400
65.522099 3.016100
65.583899 2.806000
65.645799 2.727300
65.707699 2.947700
65.769599 2.731900
65.831399 2.300800
65.893299 2.282200
65.955199 2.303400
66.017099 2.356800
66.078899 2.510000
66.140799 2.957600
66.202699 3.220100
66.264599 3.045000
66.326399 2.616200
66.388299 2.452700
66.450199 2.325900
66.512099 2.349800
66.573899 2.196300
66.635799 2.131800
66.697699 2.121100
66.759599 2.384300
66.821399 3.136000
66.883299 4.057800
66.945199 3.405900
67.007099 2.983600
67.068899 2.820800
67.130799 2.647800
67.192699 2.531400
67.254599 2.521300
67.316399 2.555100
67.378299 2.505100
67.440199 2.493900
67.502099 2.615300
67.563899 2.695700
67.625799 2.793300
67.687699 2.879000
67.749599 2.923700
67.811399 2.885800
67.873299 2.656600
67.935199 2.617100
67.997099 2.556700
68.058899 2.450900
68.120799 2.406000
68.182699 2.512900
68.244599 2.669300
68.306399 2.787400
68.368299 2.780200
68.430199 3.100000
68.492099 2.844000
68.553899 2.502800
68.615799 2.582900
68.677699 2.662100
68.739599 3.034200
68.801399 3.175100
68.863299 3.190000
68.925199 2.928900
68.987099 2.975000
69.048899 3.035300
69.110799 3.167200
69.172699 3.256700
69.234599 3.249500
69.296499 3.248800
69.358299 3.108700
69.420199 3.116900
69.482099 3.223100
69.543999 3.232300
69.605799 3.193100
69.667699 3.254400
69.729599 3.419200
69.791499 3.232400
69.853299 3.189000
69.915199 3.156100
69.977099 3.003100
70.038999 3.337900
70.100799 2.898900
70.162699 2.630400
70.224599 2.606300
70.286499 2.671800
70.348299 2.678400
70.410199 2.784000
70.472099 2.982800
70.533999 3.143100
70.595799 3.174200
70.657699 3.031700
70.719599 2.989400
70.781499 2.884200
70.843299 2.841700
70.905199 2.860200
70.967099 2.855600
71.028999 2.844900
71.090799 2.802300
71.152699 2.756300
71.214599 2.748500
71.276499 2.771500
71.338299 2.799300
71.400199 2.849700
71.462099 2.948900
71.523999 3.030400
71.585799 3.040800
71.647699 3.090400
71.709599 3.141900
71.771499 3.371600
71.833299 3.069000
71.895199 2.975800
71.957099 3.005400
72.018999 2.998700
72.080799 2.962600
72.142699 2.967000
72.204599 3.205200
72.266499 3.306400
72.328299 2.925800
72.390199 2.822300
72.452099 2.882700
72.513999 2.562300
72.575799 2.461100
72.637699 2.505900
72.699599 2.587300
72.761499 2.830300
72.823299 3.064700
72.885199 2.695800
72.947099 2.672700
73.008999 2.884800
73.070799 3.062900
73.132699 3.705100
73.194599 3.368600
73.256499 3.081700
73.318299 3.077000
73.380199 3.118700
73.442099 3.073600
73.503999 3.085100
73.565799 3.021200
73.627699 2.961900
73.689599 2.786300
73.751499 2.762700
73.813299 2.629500
73.875199 2.624500
73.937099 2.852500
73.998999 2.931000
74.060799 2.872400
74.122699 2.722700
74.184599 2.561600
74.246499 2.562800
74.308299 2.574400
74.370199 3.312200
74.432099 2.996200
74.493999 2.853700
74.555899 2.826200
74.617699 2.703100
74.679599 2.634000
74.741499 2.605900
74.803399 2.637900
74.865199 2.598100
74.927099 2.634800
74.988999 2.620500
75.050899 2.583800
75.112699 2.643600
75.174599 2.659400
75.236499 2.727800
75.298399 2.694000
75.360199 2.757900
75.422099 2.605700
75.483999 2.527700
75.545899 2.481100
75.607699 2.647900
75.669599 2.723700
75.731499 2.810300
75.793399 3.030600
75.855199 2.880600
75.917099 2.683100
75.978999 2.600000
76.040899 4.165300
76.102699 2.432800
76.164599 2.376800
76.226499 2.369800
76.288399 2.414300
76.350199 2.465800
76.412099 2.520400
76.473999 2.598700
76.535899 2.789400
76.597699 2.954400
76.659599 3.138000
76.721499 3.810400
76.783399 3.549100
76.845199 3.353700
76.907099 3.101400
76.968999 3.109000
77.030899 3.152400
77.092699 3.278000
77.154599 3.371000
77.216499 3.392400
77.278399 3.274400
77.340199 3.299000
77.402099 3.454400
77.463999 3.727100
77.525899 3.123300
77.587699 3.068300
77.649599 3.117500
77.711499 3.045700
77.773399 3.190300
77.835199 3.161500
77.897099 3.108400
77.958999 3.569700
78.020899 4.605500
78.082699 3.989400
78.144599 2.836100
78.206499 2.827500
78.268399 2.847500
78.330199 2.925100
78.392099 3.087100
78.453999 3.100300
78.515899 3.212800
78.577699 3.287900
78.639599 3.207200
78.701499 3.096400
78.763399 3.049800
78.825199 2.997600
78.887099 3.117900
78.948999 2.953300
79.010899 2.946200
79.072699 3.100900
79.134599 3.308400
79.196499 3.554200
79.258399 3.645400
79.320199 3.860800
79.382099 3.347400
79.443999 2.997200
79.505899 2.871700
79.567699 2.720800
79.629599 2.659500
79.691499 3.027600
79.753399 3.075600
79.815199 3.040700
79.877099 3.004200
79.938999 2.989500
80.000899 2.991600
80.062799 2.837300
80.124599 2.892800
80.186499 3.073000
80.248399 3.261100
80.310299 3.233700
80.372099 3.108700
80.433999 3.035900
80.495899 3.004600
80.557799 2.967400
80.619599 2.928000
80.681499 2.836300
80.743399 2.783300
80.805299 2.728100
80.867099 2.657700
80.928999 2.581400
80.990899 2.508700
81.052799 2.536000
81.114599 2.669000
81.176499 2.910600
81.238399 3.140500
81.300299 3.190500
81.362099 3.174600
81.423999 3.055700
81.485899 2.945200
81.547799 2.865900
81.609599 2.888500
81.671499 2.725600
81.733399 2.614700
81.795299 2.728500
81.857099 3.314400
81.918999 2.674200
81.980899 2.752400
82.042799 2.853000
82.104599 2.993300
82.166499 2.845700
82.228399 2.911400
82.290299 2.962300
82.352099 3.009500
82.413999 3.135600
82.475899 3.528200
82.537799 3.167900
82.599599 3.105800
82.661499 3.051600
82.723399 3.017400
82.785299 2.985200
82.847099 2.995800
82.908999 3.056100
82.970899 3.092100
83.032799 3.020400
83.094599 2.890100
83.156499 2.751600
83.218399 2.723200
83.280299 2.728600
83.342099 2.757400
83.403999 2.784100
83.465899 2.835700
83.527799 2.912500
83.589599 2.947900
83.651499 3.406100
83.713399 3.559400
83.775299 3.946200
83.837099 3.708200
83.898999 3.857600
83.960899 2.763300
84.022799 2.671800
84.084599 2.638100
84.146499 2.729700
84.208399 2.964300
84.270299 3.171700
84.332099 3.329000
84.393999 3.437300
84.455899 3.452700
84.517799 3.259300
84.579599 3.173200
84.641499 2.942500
84.703399 2.827500
84.765299 2.860100
84.827099 2.933700
84.888999 3.537500
84.950899 3.631600
85.012799 3.526100
85.074599 3.541400
85.136499 3.478900
85.198399 3.586100
85.260299 3.483300
85.322099 3.485600
85.383999 3.750500
85.445899 3.984600
85.507799 3.823300
85.569699 3.599100
85.631499 3.123800
85.693399 2.894700
85.755299 2.861300
85.817199 2.788100
85.878999 2.731000
85.940899 2.652300
86.002799 2.727100
86.064699 3.348300
86.126499 3.659500
86.188399 3.876700
86.250299 4.061600
86.312199 3.517800
86.373999 3.481300
86.435899 3.390900
86.497799 3.285100
86.559699 3.372800
86.621499 3.318300
86.683399 3.261300
86.745299 3.072700
86.807199 2.997600
86.868999 2.800100
86.930899 2.630100
86.992799 2.507700
87.054699 2.445600
87.116499 2.475500
87.178399 2.622600
87.240299 2.857000
87.302199 2.898400
87.363999 2.812300
87.425899 2.710700
87.487799 2.619300
87.549699 2.573200
87.611499 2.637600
87.673399 2.680000
87.735299 2.720600
87.797199 2.760000
87.858999 2.917900
87.920899 3.209300
87.982799 3.251300
88.044699 3.303100
88.106499 3.599600
88.168399 3.320900
88.230299 3.056600
88.292199 2.938800
88.353999 2.853900
88.415899 2.702300
88.477799 2.643000
88.539699 2.682900
88.601499 2.817800
88.663399 3.115300
88.725299 3.479200
88.787199 4.144200
88.848999 4.399400
88.910899 4.367800
88.972799 4.050700
89.034699 3.866900
89.096499 3.639000
89.158399 3.530200
89.220299 3.474100
89.282199 3.425300
89.343999 3.251500
89.405899 3.098200
89.467799 2.955900
89.529699 3.003100
89.591499 3.109700
89.653399 2.919500
89.715299 2.753600
89.777199 2.780800
89.838999 2.816200
89.900899 2.917400
89.962799 3.047400
90.024699 3.234100
90.086499 3.667100
90.148399 3.717700
90.210299 3.683100
90.272199 3.332000
90.333999 3.016300
90.395899 2.862600
90.457799 2.883300
90.519699 3.046900
90.581499 3.290500
90.643399 3.102500
90.705299 3.006400
90.767199 2.862600
90.828999 2.597900
90.890899 2.401500
90.952799 2.335300
91.014699 2.432500
91.076599 3.306300
91.138399 3.346400
91.200299 3.834000
91.262199 4.257800
91.324099 3.910300
91.385899 3.860600
91.447799 3.798800
91.509699 3.597700
91.571599 3.551200
91.633399 3.636000
91.695299 4.124800
91.757199 4.050000
91.819099 3.708800
91.880899 3.618500
91.942799 3.310200
92.004699 3.479000
92.066599 3.882200
92.128399 4.217700
92.190299 3.942400
92.252199 3.284900
92.314099 2.877700
92.375899 2.773100
92.437799 2.947900
92.499699 3.264900
92.561599 3.338300
92.623399 3.100200
92.685299 3.244000
92.747199 3.305500
92.809099 3.320400
92.870899 3.308600
92.932799 3.073100
92.994699 3.443200
93.056599 3.287400
93.118399 3.350000
93.180299 3.580100
93.242199 2.905900
93.304099 2.785800
93.365899 2.685900
93.427799 2.618900
93.489699 2.603000
93.551599 2.730900
93.613399 2.729800
93.675299 2.666600
93.737199 2.673300
93.799099 2.722800
93.860899 2.729200
93.922799 2.709500
93.984699 2.685600
94.046599 2.633900
94.108399 2.590100
94.170299 2.550300
94.232199 2.389700
94.294099 2.338800
94.355899 2.242900
94.417799 2.138000
94.479699 2.094300
94.541599 2.097700
94.603399 2.319200
94.665299 2.004600
94.727199 1.771200
94.789099 1.556000
94.850899 1.317500
94.912799 1.104100
94.974699 0.903800
95.036599 0.739600
95.098399 0.645200
95.160299 0.552500
95.222199 0.557500
95.284099 0.312900
95.345899 0.117100
95.407799 0.064000
95.469699 0.059600
95.531599 0.055300
95.593399 0.051200
95.655299 0.047200
95.717199 0.043300
95.779099 0.039600
95.840899 0.036000
95.902799 0.032500
95.964699 0.029200
96.026599 0.026000
96.088399 0.022900
96.150299 0.020000
96.212199 0.017200
96.274099 0.014600
96.335899 0.012100
96.397799 0.009700
96.459699 0.007500
96.521599 0.005400
96.583499 0.003400
96.645299 0.001600
96.707199 0.000000
96.769099 0.000000
96.830999 0.000000
96.892799 0.000000
96.954699 0.000000
97.016599 0.000000
97.078499 0.000000
97.140299 0.000000
97.202199 0.000000
97.264099 0.000000
97.325999 0.000000
97.387799 0.000000
97.449699 0.000000
97.511599 0.000000
97.573499 0.000000
97.635299 0.000000
97.697199 0.000000
97.759099 0.000000
97.820999 0.000000
97.882799 0.000000
97.944699 0.000000
98.006599 0.000000
98.068499 0.000000
98.130299 0.000000
98.192199 0.000000
98.254099 0.000000
98.315999 0.000000
98.377799 0.000000
98.439699 0.000000
98.501599 0.000000
98.563499 0.000000
98.625299 0.000000
98.687199 0.000000
98.749099 0.000000
98.810999 0.000000
98.872799 0.000000
98.934699 0.000000
98.996599 0.000000
99.058499 0.000000
99.120299 0.000000
99.182199 0.000000
99.244099 0.000000
99.305999 0.000000
99.367799 0.000000
99.429699 0.000000
99.491599 0.000000
99.553499 0.000000
99.615299 0.000000
99.677199 0.000000
99.739099 0.000000
99.800999 0.000000
99.862799 0.000000
99.924699 0.000000
99.986599 0.000000
100.048499 0.000000
100.110299 0.000000
100.172199 0.000000
100.234099 0.000000
100.295999 0.000000
100.357799 0.000000
100.419699 0.000000
100.481599 0.000000
100.543499 0.000000
100.605299 0.000000
100.667199 0.000000
100.729099 0.000000
100.790999 0.000000
100.852799 0.000000
100.914699 0.000000
100.976599 0.000000
101.038499 0.000000
101.100299 0.000000
101.162199 0.000000
101.224099 0.000000
101.285999 0.000000
101.347799 0.000000
101.409699 0.000000
101.471599 0.000000
101.533499 0.000000
101.595299 0.000000
101.657199 0.000000
101.719099 0.000000
101.780999 0.000000
101.842899 0.000000
101.904699 0.000000
101.966599 0.000000
102.028499 0.000000
102.090399 0.000000
102.152199 0.000000
102.214099 0.000000
102.275999 0.000000
102.337899 0.000000
