Energy(eV) Total_DOS
-26.930521 0.000000
-26.907421 0.000000
-26.884321 0.000000
-26.861221 0.000000
-26.838121 0.000000
-26.815021 0.000000
-26.792021 0.000000
-26.768921 0.000000
-26.745821 0.000000
-26.722721 0.000000
-26.699621 0.000000
-26.676521 0.000000
-26.653421 0.000000
-26.630321 0.000000
-26.607221 0.000000
-26.584121 0.000000
-26.561021 0.000000
-26.537921 0.000000
-26.514821 0.000000
-26.491721 0.000000
-26.468621 0.000000
-26.445521 0.000000
-26.422521 0.000000
-26.399421 0.000000
-26.376321 0.000000
-26.353221 0.000000
-26.330121 0.000000
-26.307021 0.000000
-26.283921 0.000000
-26.260821 0.000000
-26.237721 0.000000
-26.214621 0.000000
-26.191521 0.000000
-26.168421 0.000000
-26.145321 0.000000
-26.122221 0.000000
-26.099121 0.000000
-26.076021 0.000000
-26.052921 0.000000
-26.029921 0.000000
-26.006821 0.000000
-25.983721 0.000000
-25.960621 0.000000
-25.937521 0.000000
-25.914421 0.000000
-25.891321 0.000000
-25.868221 0.000000
-25.845121 0.000000
-25.822021 0.000000
-25.798921 0.000000
-25.775821 0.000000
-25.752721 0.000000
-25.729621 0.000000
-25.706521 0.000000
-25.683421 0.000000
-25.660321 0.000000
-25.637321 0.000000
-25.614221 0.000000
-25.591121 0.000000
-25.568021 0.000000
-25.544921 0.000000
-25.521821 0.000000
-25.498721 0.000000
-25.475621 0.000000
-25.452521 0.000000
-25.429421 0.000000
-25.406321 0.000000
-25.383221 0.000000
-25.360121 0.000000
-25.337021 0.000000
-25.313921 0.000000
-25.290821 0.000000
-25.267721 0.000000
-25.244721 0.000000
-25.221621 0.000000
-25.198521 0.000000
-25.175421 0.000000
-25.152321 0.000000
-25.129221 0.000000
-25.106121 0.000000
-25.083021 0.000000
-25.059921 0.000000
-25.036821 0.000000
-25.013721 0.000000
-24.990621 0.000000
-24.967521 0.000000
-24.944421 0.000000
-24.921321 0.000000
-24.898221 0.000000
-24.875221 0.000000
-24.852121 0.000000
-24.829021 134.679600
-24.805921 82.622900
-24.782821 24.047400
-24.759721 36.247000
-24.736621 51.326900
-24.713521 70.244400
-24.690421 61.773000
-24.667321 19.953900
-24.644221 56.834600
-24.621121 59.461600
-24.598021 91.358100
-24.574921 31.026100
-24.551821 20.363600
-24.528721 160.182700
-24.505621 0.000000
-24.482621 0.000000
-24.459521 0.000000
-24.436421 0.000000
-24.413321 0.000000
-24.390221 0.000000
-24.367121 0.000000
-24.344021 0.000000
-24.320921 0.000000
-24.297821 0.000000
-24.274721 0.000000
-24.251621 0.000000
-24.228521 0.000000
-24.205421 0.000000
-24.182321 0.000000
-24.159221 0.000000
-24.136121 0.000000
-24.113021 0.000000
-24.090021 0.000000
-24.066921 0.000000
-24.043821 0.000000
-24.020721 0.000000
-23.997621 0.000000
-23.974521 0.000000
-23.951421 0.000000
-23.928321 0.000000
-23.905221 0.000000
-23.882121 0.000000
-23.859021 0.000000
-23.835921 0.000000
-23.812821 0.000000
-23.789721 0.000000
-23.766621 0.000000
-23.743521 0.000000
-23.720421 0.000000
-23.697421 0.000000
-23.674321 0.000000
-23.651221 0.000000
-23.628121 0.000000
-23.605021 0.000000
-23.581921 0.000000
-23.558821 0.000000
-23.535721 0.000000
-23.512621 0.000000
-23.489521 0.000000
-23.466421 0.000000
-23.443321 0.000000
-23.420221 0.000000
-23.397121 0.000000
-23.374021 0.000000
-23.350921 0.000000
-23.327921 0.000000
-23.304821 0.000000
-23.281721 0.000000
-23.258621 0.000000
-23.235521 0.000000
-23.212421 0.000000
-23.189321 0.000000
-23.166221 0.000000
-23.143121 0.000000
-23.120021 0.000000
-23.096921 0.000000
-23.073821 0.000000
-23.050721 0.000000
-23.027621 0.000000
-23.004521 0.000000
-22.981421 0.000000
-22.958321 0.000000
-22.935321 0.000000
-22.912221 0.000000
-22.889121 0.000000
-22.866021 0.000000
-22.842921 0.000000
-22.819821 0.000000
-22.796721 0.000000
-22.773621 0.000000
-22.750521 0.000000
-22.727421 0.000000
-22.704321 0.000000
-22.681221 0.000000
-22.658121 0.000000
-22.635021 0.000000
-22.611921 0.000000
-22.588821 0.000000
-22.565721 0.000000
-22.542721 0.000000
-22.519621 0.000000
-22.496521 0.000000
-22.473421 0.000000
-22.450321 0.000000
-22.427221 0.000000
-22.404121 0.000000
-22.381021 0.000000
-22.357921 0.000000
-22.334821 0.000000
-22.311721 0.000000
-22.288621 0.000000
-22.265521 0.000000
-22.242421 0.000000
-22.219321 0.000000
-22.196221 0.000000
-22.173121 0.000000
-22.150121 0.000000
-22.127021 0.000000
-22.103921 0.000000
-22.080821 0.000000
-22.057721 0.000000
-22.034621 0.000000
-22.011521 0.000000
-21.988421 0.000000
-21.965321 0.000000
-21.942221 0.000000
-21.919121 0.000000
-21.896021 0.000000
-21.872921 0.000000
-21.849821 0.000000
-21.826721 0.000000
-21.803621 0.000000
-21.780621 0.000000
-21.757521 0.000000
-21.734421 0.000000
-21.711321 0.000000
-21.688221 0.000000
-21.665121 0.000000
-21.642021 0.000000
-21.618921 0.000000
-21.595821 0.000000
-21.572721 0.000000
-21.549621 0.000000
-21.526521 0.000000
-21.503421 0.000000
-21.480321 0.000000
-21.457221 0.000000
-21.434121 0.000000
-21.411021 0.000000
-21.388021 0.000000
-21.364921 0.000000
-21.341821 0.000000
-21.318721 0.000000
-21.295621 0.000000
-21.272521 0.000000
-21.249421 0.000000
-21.226321 0.000000
-21.203221 0.000000
-21.180121 0.000000
-21.157021 0.000000
-21.133921 0.000000
-21.110821 0.000000
-21.087721 0.000000
-21.064621 0.000000
-21.041521 0.000000
-21.018421 0.000000
-20.995421 0.000000
-20.972321 0.000000
-20.949221 0.000000
-20.926121 0.000000
-20.903021 0.000000
-20.879921 0.000000
-20.856821 0.000000
-20.833721 0.000000
-20.810621 0.000000
-20.787521 0.000000
-20.764421 0.000000
-20.741321 0.000000
-20.718221 0.000000
-20.695121 0.000000
-20.672021 0.000000
-20.648921 0.000000
-20.625921 0.000000
-20.602821 0.000000
-20.579721 0.000000
-20.556621 0.000000
-20.533521 0.000000
-20.510421 0.000000
-20.487321 0.000000
-20.464221 0.000000
-20.441121 0.000000
-20.418021 0.000000
-20.394921 0.000000
-20.371821 0.000000
-20.348721 0.000000
-20.325621 0.000000
-20.302521 0.000000
-20.279421 0.000000
-20.256321 0.000000
-20.233321 0.000000
-20.210221 0.000000
-20.187121 0.000000
-20.164021 0.000000
-20.140921 0.000000
-20.117821 0.000000
-20.094721 0.000000
-20.071621 0.000000
-20.048521 0.000000
-20.025421 0.000000
-20.002321 0.000000
-19.979221 0.000000
-19.956121 0.000000
-19.933021 0.000000
-19.909921 0.000000
-19.886821 0.000000
-19.863721 0.000000
-19.840721 0.000000
-19.817621 0.000000
-19.794521 0.000000
-19.771421 0.000000
-19.748321 0.000000
-19.725221 0.000000
-19.702121 0.000000
-19.679021 0.000000
-19.655921 0.000000
-19.632821 0.000000
-19.609721 0.000000
-19.586621 0.000000
-19.563521 0.000000
-19.540421 0.000000
-19.517321 0.000000
-19.494221 0.000000
-19.471121 0.000000
-19.448121 0.000000
-19.425021 0.000000
-19.401921 0.000000
-19.378821 0.000000
-19.355721 0.000000
-19.332621 0.000000
-19.309521 0.000000
-19.286421 0.000000
-19.263321 0.000000
-19.240221 0.000000
-19.217121 0.000000
-19.194021 0.000000
-19.170921 0.000000
-19.147821 0.000000
-19.124721 0.000000
-19.101621 0.000000
-19.078621 0.000000
-19.055521 0.000000
-19.032421 0.000000
-19.009321 0.000000
-18.986221 0.000000
-18.963121 0.000000
-18.940021 0.000000
-18.916921 0.000000
-18.893821 0.000000
-18.870721 0.000000
-18.847621 0.000000
-18.824521 0.000000
-18.801421 0.000000
-18.778321 0.000000
-18.755221 0.000000
-18.732121 0.000000
-18.709021 0.000000
-18.686021 0.000000
-18.662921 0.000000
-18.639821 0.000000
-18.616721 0.000000
-18.593621 0.000000
-18.570521 0.000000
-18.547421 0.000000
-18.524321 0.000000
-18.501221 0.000000
-18.478121 0.000000
-18.455021 0.000000
-18.431921 0.000000
-18.408821 0.000000
-18.385721 0.000000
-18.362621 0.000000
-18.339521 0.000000
-18.316421 0.000000
-18.293421 0.000000
-18.270321 0.000000
-18.247221 0.000000
-18.224121 0.000000
-18.201021 0.000000
-18.177921 0.000000
-18.154821 0.000000
-18.131721 0.000000
-18.108621 0.000000
-18.085521 0.000000
-18.062421 0.000000
-18.039321 0.000000
-18.016221 0.000000
-17.993121 0.000000
-17.970021 0.000000
-17.946921 0.000000
-17.923821 0.000000
-17.900821 0.000000
-17.877721 0.000000
-17.854621 0.000000
-17.831521 0.000000
-17.808421 0.000000
-17.785321 0.000000
-17.762221 0.000000
-17.739121 0.000000
-17.716021 0.000000
-17.692921 0.000000
-17.669821 0.000000
-17.646721 0.000000
-17.623621 0.000000
-17.600521 0.000000
-17.577421 0.000000
-17.554321 0.000000
-17.531321 0.000000
-17.508221 0.000000
-17.485121 0.000000
-17.462021 0.000000
-17.438921 0.000000
-17.415821 0.000000
-17.392721 0.000000
-17.369621 0.000000
-17.346521 0.000000
-17.323421 0.000000
-17.300321 0.000000
-17.277221 0.000000
-17.254121 0.000000
-17.231021 0.000000
-17.207921 0.000000
-17.184821 0.000000
-17.161721 0.000000
-17.138721 0.000000
-17.115621 0.000000
-17.092521 0.000000
-17.069421 0.000000
-17.046321 0.000000
-17.023221 0.000000
-17.000121 0.000000
-16.977021 0.000000
-16.953921 0.000000
-16.930821 0.000000
-16.907721 0.000000
-16.884621 0.000000
-16.861521 0.000000
-16.838421 0.000000
-16.815321 0.000000
-16.792221 0.000000
-16.769121 0.000000
-16.746121 0.000000
-16.723021 0.000000
-16.699921 0.000000
-16.676821 0.000000
-16.653721 0.000000
-16.630621 0.000000
-16.607521 0.000000
-16.584421 0.000000
-16.561321 0.000000
-16.538221 0.000000
-16.515121 0.000000
-16.492021 0.000000
-16.468921 0.000000
-16.445821 0.000000
-16.422721 0.000000
-16.399621 0.000000
-16.376521 0.000000
-16.353521 0.000000
-16.330421 0.000000
-16.307321 0.000000
-16.284221 0.000000
-16.261121 0.000000
-16.238021 0.000000
-16.214921 0.000000
-16.191821 0.000000
-16.168721 0.000000
-16.145621 0.000000
-16.122521 0.000000
-16.099421 0.000000
-16.076321 0.000000
-16.053221 0.000000
-16.030121 0.000000
-16.007021 0.000000
-15.984021 0.000000
-15.960921 0.000000
-15.937821 0.000000
-15.914721 0.000000
-15.891621 0.000000
-15.868521 0.000000
-15.845421 0.000000
-15.822321 0.000000
-15.799221 0.000000
-15.776121 0.000000
-15.753021 0.000000
-15.729921 0.000000
-15.706821 0.000000
-15.683721 0.000000
-15.660621 0.000000
-15.637521 0.000000
-15.614421 0.000000
-15.591421 0.000000
-15.568321 0.000000
-15.545221 0.000000
-15.522121 0.000000
-15.499021 0.000000
-15.475921 0.000000
-15.452821 0.000000
-15.429721 0.000000
-15.406621 0.000000
-15.383521 0.000000
-15.360421 0.000000
-15.337321 0.000000
-15.314221 0.000000
-15.291121 0.000000
-15.268021 0.000000
-15.244921 0.000000
-15.221821 0.000000
-15.198821 0.000000
-15.175721 0.000000
-15.152621 0.000000
-15.129521 0.000000
-15.106421 0.000000
-15.083321 0.000000
-15.060221 0.000000
-15.037121 0.000000
-15.014021 0.000000
-14.990921 0.000000
-14.967821 0.000000
-14.944721 0.000000
-14.921621 0.000000
-14.898521 0.000000
-14.875421 0.000000
-14.852321 0.000000
-14.829321 0.000000
-14.806221 0.000000
-14.783121 0.000000
-14.760021 0.000000
-14.736921 0.000000
-14.713821 0.000000
-14.690721 0.000000
-14.667621 0.000000
-14.644521 0.000000
-14.621421 0.000000
-14.598321 0.000000
-14.575221 0.000000
-14.552121 0.000000
-14.529021 0.000000
-14.505921 0.000000
-14.482821 0.000000
-14.459721 0.000000
-14.436721 0.000000
-14.413621 0.000000
-14.390521 0.000000
-14.367421 0.000000
-14.344321 0.000000
-14.321221 0.000000
-14.298121 0.000000
-14.275021 0.000000
-14.251921 0.000000
-14.228821 0.000000
-14.205721 0.000000
-14.182621 0.000000
-14.159521 0.000000
-14.136421 0.000000
-14.113321 0.000000
-14.090221 0.000000
-14.067121 0.000000
-14.044121 0.000000
-14.021021 0.000000
-13.997921 0.000000
-13.974821 0.000000
-13.951721 0.000000
-13.928621 0.000000
-13.905521 0.000000
-13.882421 0.000000
-13.859321 0.000000
-13.836221 0.000000
-13.813121 0.000000
-13.790021 0.000000
-13.766921 0.000000
-13.743821 0.000000
-13.720721 0.000000
-13.697621 0.000000
-13.674521 0.000000
-13.651521 0.000000
-13.628421 0.000000
-13.605321 0.000000
-13.582221 0.000000
-13.559121 0.000000
-13.536021 0.000000
-13.512921 0.000000
-13.489821 0.000000
-13.466721 0.000000
-13.443621 0.000000
-13.420521 0.000000
-13.397421 0.000000
-13.374321 0.000000
-13.351221 0.000000
-13.328121 0.000000
-13.305021 0.000000
-13.282021 0.000000
-13.258921 0.000000
-13.235821 0.000000
-13.212721 0.000000
-13.189621 0.000000
-13.166521 0.000000
-13.143421 0.000000
-13.120321 0.000000
-13.097221 0.000000
-13.074121 0.000000
-13.051021 0.000000
-13.027921 0.000000
-13.004821 0.000000
-12.981721 0.000000
-12.958621 0.000000
-12.935521 0.000000
-12.912421 0.000000
-12.889421 0.000000
-12.866321 0.000000
-12.843221 0.000000
-12.820121 0.000000
-12.797021 0.000000
-12.773921 0.000000
-12.750821 0.000000
-12.727721 0.000000
-12.704621 0.000000
-12.681521 0.000000
-12.658421 0.000000
-12.635321 0.000000
-12.612221 0.000000
-12.589121 0.000000
-12.566021 0.000000
-12.542921 0.000000
-12.519821 0.000000
-12.496821 0.000000
-12.473721 0.000000
-12.450621 0.000000
-12.427521 0.000000
-12.404421 0.000000
-12.381321 0.000000
-12.358221 0.000000
-12.335121 0.008500
-12.312021 0.070600
-12.288921 0.083100
-12.265821 0.104300
-12.242721 0.127500
-12.219621 0.146200
-12.196521 0.151700
-12.173421 0.163600
-12.150321 0.176900
-12.127221 0.190600
-12.104221 0.204700
-12.081121 0.212700
-12.058021 0.221100
-12.034921 0.229200
-12.011821 0.237300
-11.988721 0.246400
-11.965621 0.256600
-11.942521 0.266900
-11.919421 0.277300
-11.896321 0.284900
-11.873221 0.290000
-11.850121 0.297200
-11.827021 0.304500
-11.803921 0.311800
-11.780821 0.319200
-11.757721 0.327200
-11.734721 0.335500
-11.711621 0.343900
-11.688521 0.352400
-11.665421 0.358800
-11.642321 0.365000
-11.619221 0.371000
-11.596121 0.377100
-11.573021 0.383800
-11.549921 0.390800
-11.526821 0.397900
-11.503721 0.405000
-11.480621 0.412100
-11.457521 0.419500
-11.434421 0.427100
-11.411321 0.434800
-11.388221 0.441600
-11.365121 0.447400
-11.342121 0.453900
-11.319021 0.460400
-11.295921 0.466900
-11.272821 0.473500
-11.249721 0.480500
-11.226621 0.487700
-11.203521 0.495100
-11.180421 0.502500
-11.157321 0.510000
-11.134221 0.517700
-11.111121 0.525500
-11.088021 0.533500
-11.064921 0.540500
-11.041821 0.547700
-11.018721 0.555000
-10.995621 0.562700
-10.972521 0.570600
-10.949521 0.578800
-10.926421 0.587100
-10.903321 0.595600
-10.880221 0.604600
-10.857121 0.613800
-10.834021 0.623300
-10.810921 0.633000
-10.787821 0.643000
-10.764721 0.653200
-10.741621 0.663700
-10.718521 0.674200
-10.695421 0.685500
-10.672321 0.697300
-10.649221 0.709800
-10.626121 0.723400
-10.603021 0.737900
-10.579921 0.753300
-10.556921 0.769400
-10.533821 0.788000
-10.510721 0.809700
-10.487621 0.834100
-10.464521 0.861300
-10.441421 0.891900
-10.418321 0.950600
-10.395221 1.017500
-10.372121 1.024700
-10.349021 1.009300
-10.325921 1.066200
-10.302821 1.037600
-10.279721 1.008400
-10.256621 0.994900
-10.233521 0.992900
-10.210421 0.982200
-10.187421 0.969900
-10.164321 0.956200
-10.141221 0.941200
-10.118121 0.931700
-10.095021 0.916800
-10.071921 0.913900
-10.048821 0.910000
-10.025721 0.905000
-10.002621 0.895900
-9.979521 0.879800
-9.956421 0.863100
-9.933321 0.851300
-9.910221 0.843200
-9.887121 0.833000
-9.864021 0.823100
-9.840921 0.813900
-9.817821 0.805600
-9.794821 0.796900
-9.771721 0.786900
-9.748621 0.775700
-9.725521 0.763200
-9.702421 0.750600
-9.679321 0.737100
-9.656221 0.728100
-9.633121 0.719100
-9.610021 0.709800
-9.586921 0.700300
-9.563821 0.690500
-9.540721 0.680500
-9.517621 0.670300
-9.494521 0.659700
-9.471421 0.647800
-9.448321 0.634400
-9.425221 0.622400
-9.402221 0.611800
-9.379121 0.600200
-9.356021 0.587700
-9.332921 0.575700
-9.309821 0.565600
-9.286721 0.555600
-9.263621 0.545400
-9.240521 0.535100
-9.217421 0.524700
-9.194321 0.514400
-9.171221 0.504100
-9.148121 0.489400
-9.125021 0.475300
-9.101921 0.463600
-9.078821 0.453100
-9.055721 0.431900
-9.032721 0.457700
-9.009621 0.433100
-8.986521 0.410800
-8.963421 0.390800
-8.940321 0.368800
-8.917221 0.352100
-8.894121 0.340100
-8.871021 0.319000
-8.847921 0.355900
-8.824821 0.257200
-8.801721 0.147000
-8.778621 0.080700
-8.755521 0.039800
-8.732421 0.017200
-8.709321 0.005200
-8.686221 0.000000
-8.663121 0.000000
-8.640121 0.000000
-8.617021 0.002900
-8.593921 0.008100
-8.570821 0.015000
-8.547721 0.026400
-8.524621 0.041500
-8.501521 0.058400
-8.478421 0.077100
-8.455321 0.105600
-8.432221 0.137200
-8.409121 0.170100
-8.386021 0.204200
-8.362921 0.288400
-8.339821 0.358900
-8.316721 0.414800
-8.293621 0.353900
-8.270521 0.347300
-8.247521 0.357400
-8.224421 0.381000
-8.201321 0.409000
-8.178221 0.384800
-8.155121 0.403200
-8.132021 0.426200
-8.108921 0.437500
-8.085821 0.449800
-8.062721 0.463200
-8.039621 0.474600
-8.016521 0.486400
-7.993421 0.497900
-7.970321 0.508900
-7.947221 0.519900
-7.924121 0.530600
-7.901021 0.541100
-7.877921 0.551500
-7.854921 0.562500
-7.831821 0.577700
-7.808721 0.591800
-7.785621 0.603600
-7.762521 0.617900
-7.739421 0.634800
-7.716321 0.654400
-7.693221 0.670500
-7.670121 0.686100
-7.647021 0.701400
-7.623921 0.716500
-7.600821 0.730400
-7.577721 0.742500
-7.554621 0.771000
-7.531521 0.811000
-7.508421 0.833000
-7.485421 0.850500
-7.462321 0.871100
-7.439221 0.907500
-7.416121 0.952700
-7.393021 1.025700
-7.369921 1.135000
-7.346821 1.239100
-7.323721 1.589600
-7.300621 1.615800
-7.277521 1.259200
-7.254421 1.139700
-7.231321 1.046100
-7.208221 0.978000
-7.185121 0.929000
-7.162021 0.888300
-7.138921 0.853300
-7.115821 0.823700
-7.092821 0.797000
-7.069721 0.773100
-7.046621 0.751400
-7.023521 0.731100
-7.000421 0.712100
-6.977321 0.694700
-6.954221 0.678200
-6.931121 0.662800
-6.908021 0.648100
-6.884921 0.633900
-6.861821 0.620300
-6.838721 0.607000
-6.815621 0.594200
-6.792521 0.581100
-6.769421 0.568500
-6.746321 0.556600
-6.723221 0.545400
-6.700221 0.534300
-6.677121 0.523800
-6.654021 0.515900
-6.630921 0.508300
-6.607821 0.500700
-6.584721 0.493300
-6.561621 0.486000
-6.538521 0.478800
-6.515421 0.471700
-6.492321 0.464700
-6.469221 0.457800
-6.446121 0.451000
-6.423021 0.444000
-6.399921 0.437000
-6.376821 0.430100
-6.353721 0.423300
-6.330621 0.416700
-6.307621 0.410200
-6.284521 0.403800
-6.261421 0.397300
-6.238321 0.390700
-6.215221 0.383300
-6.192121 0.376400
-6.169021 0.370600
-6.145921 0.365700
-6.122821 0.361400
-6.099721 0.357200
-6.076621 0.353000
-6.053521 0.348800
-6.030421 0.344600
-6.007321 0.340400
-5.984221 0.336100
-5.961121 0.331900
-5.938121 0.327700
-5.915021 0.323600
-5.891921 0.319400
-5.868821 0.315300
-5.845721 0.311200
-5.822621 0.307000
-5.799521 0.302900
-5.776421 0.298700
-5.753321 0.294300
-5.730221 0.289700
-5.707121 0.285000
-5.684021 0.280600
-5.660921 0.276300
-5.637821 0.272100
-5.614721 0.268100
-5.591621 0.262500
-5.568521 0.259400
-5.545521 0.256700
-5.522421 0.254000
-5.499321 0.251300
-5.476221 0.248600
-5.453121 0.245900
-5.430021 0.243200
-5.406921 0.240600
-5.383821 0.237900
-5.360721 0.235200
-5.337621 0.232500
-5.314521 0.229700
-5.291421 0.226900
-5.268321 0.224000
-5.245221 0.220900
-5.222121 0.217900
-5.199021 0.214900
-5.175921 0.212000
-5.152921 0.209100
-5.129821 0.206200
-5.106721 0.203300
-5.083621 0.200500
-5.060521 0.197600
-5.037421 0.194500
-5.014321 0.190700
-4.991221 0.187100
-4.968121 0.184100
-4.945021 0.181500
-4.921921 0.179300
-4.898821 0.177400
-4.875721 0.175600
-4.852621 0.173700
-4.829521 0.171900
-4.806421 0.170000
-4.783321 0.168000
-4.760321 0.166100
-4.737221 0.164200
-4.714121 0.162400
-4.691021 0.160500
-4.667921 0.158600
-4.644821 0.156700
-4.621721 0.154800
-4.598621 0.152900
-4.575521 0.151000
-4.552421 0.149000
-4.529321 0.147000
-4.506221 0.145000
-4.483121 0.142900
-4.460021 0.140600
-4.436921 0.138200
-4.413821 0.135800
-4.390821 0.133500
-4.367721 0.131300
-4.344621 0.129200
-4.321521 0.127100
-4.298421 0.125100
-4.275321 0.122300
-4.252221 0.119800
-4.229121 0.118500
-4.206021 0.117300
-4.182921 0.116100
-4.159821 0.114800
-4.136721 0.163800
-4.113621 0.449000
-4.090521 0.530600
-4.067421 0.633100
-4.044321 0.731900
-4.021221 0.856500
-3.998221 0.975100
-3.975121 1.081700
-3.952021 1.192000
-3.928921 1.567200
-3.905821 1.483600
-3.882721 1.489100
-3.859621 1.490400
-3.836521 1.488100
-3.813421 1.453800
-3.790321 1.893700
-3.767221 1.319900
-3.744121 1.270900
-3.721021 1.237600
-3.697921 1.216900
-3.674821 1.203800
-3.651721 1.196900
-3.628621 1.256300
-3.605621 1.160100
-3.582521 1.131100
-3.559421 1.118800
-3.536321 1.102800
-3.513221 1.082200
-3.490121 1.062700
-3.467021 1.047400
-3.443921 1.092500
-3.420821 1.094800
-3.397721 1.113200
-3.374621 1.177400
-3.351521 1.105900
-3.328421 1.153800
-3.305321 1.185700
-3.282221 1.135300
-3.259121 1.145700
-3.236021 1.157600
-3.213021 1.168700
-3.189921 1.216600
-3.166821 1.198300
-3.143721 1.197500
-3.120621 1.203200
-3.097521 1.213100
-3.074421 1.228600
-3.051321 1.245800
-3.028221 1.347700
-3.005121 1.334200
-2.982021 1.390300
-2.958921 1.449200
-2.935821 1.421600
-2.912721 1.482000
-2.889621 1.575800
-2.866521 1.776300
-2.843521 1.614400
-2.820421 1.610400
-2.797321 1.642100
-2.774221 1.574700
-2.751121 1.560600
-2.728021 1.560700
-2.704921 1.561400
-2.681821 1.559500
-2.658721 1.550200
-2.635621 1.546200
-2.612521 1.545100
-2.589421 1.540100
-2.566321 1.530700
-2.543221 1.516900
-2.520121 1.506800
-2.497021 1.494600
-2.473921 1.484500
-2.450921 1.477200
-2.427821 1.471600
-2.404721 1.472700
-2.381621 1.471500
-2.358521 1.466400
-2.335421 1.459000
-2.312321 1.450200
-2.289221 1.440100
-2.266121 1.429900
-2.243021 1.419100
-2.219921 1.407600
-2.196821 1.397300
-2.173721 1.388700
-2.150621 1.381200
-2.127521 1.374500
-2.104421 1.367500
-2.081321 1.361600
-2.058321 1.358700
-2.035221 1.354300
-2.012121 1.346500
-1.989021 1.339100
-1.965921 1.333000
-1.942821 1.326400
-1.919721 1.316100
-1.896621 1.308300
-1.873521 1.301700
-1.850421 1.296200
-1.827321 1.290500
-1.804221 1.284700
-1.781121 1.279400
-1.758021 1.280300
-1.734921 1.279800
-1.711821 1.273200
-1.688821 1.264400
-1.665721 1.254300
-1.642621 1.242800
-1.619521 1.232600
-1.596421 1.224200
-1.573321 1.218900
-1.550221 1.214700
-1.527121 1.210900
-1.504021 1.206700
-1.480921 1.199200
-1.457821 1.192000
-1.434721 1.185400
-1.411621 1.188200
-1.388521 1.191700
-1.365421 1.183100
-1.342321 1.131500
-1.319221 1.046000
-1.296221 0.982900
-1.273121 0.908600
-1.250021 0.863100
-1.226921 0.827500
-1.203821 0.793300
-1.180721 0.759600
-1.157621 0.726200
-1.134521 0.694500
-1.111421 0.672400
-1.088321 0.649900
-1.065221 0.626500
-1.042121 0.601700
-1.019021 0.575800
-0.995921 0.556600
-0.972821 0.535100
-0.949721 0.514700
-0.926621 0.497700
-0.903621 0.482300
-0.880521 0.467900
-0.857421 0.454200
-0.834321 0.439200
-0.811221 0.424200
-0.788121 0.409000
-0.765021 0.393900
-0.741921 0.378900
-0.718821 0.364500
-0.695721 0.350700
-0.672621 0.337400
-0.649521 0.324400
-0.626421 0.311900
-0.603321 0.299700
-0.580221 0.287800
-0.557121 0.276300
-0.534021 0.265200
-0.511021 0.254200
-0.487921 0.242900
-0.464821 0.241500
-0.441721 0.228900
-0.418621 0.215800
-0.395521 0.202900
-0.372421 0.190700
-0.349321 0.179000
-0.326221 0.168000
-0.303121 0.157300
-0.280021 0.146200
-0.256921 0.133500
-0.233821 0.118200
-0.210721 0.103000
-0.187621 0.091500
-0.164521 0.082700
-0.141521 0.076600
-0.118421 0.073300
-0.095321 0.072600
-0.072221 0.031100
-0.049121 0.014000
-0.026021 0.003600
-0.002921 0.000000
0.020179 0.000000
0.043279 0.000000
0.066379 0.001300
0.089479 0.003700
0.112579 0.007100
0.135679 0.011100
0.158779 0.015600
0.181879 0.020500
0.204979 0.026000
0.228079 0.031900
0.251079 0.038200
0.274179 0.044800
0.297279 0.051700
0.320379 0.059000
0.343479 0.066600
0.366579 0.074600
0.389679 0.082800
0.412779 0.091400
0.435879 0.100200
0.458979 0.109300
0.482079 0.118700
0.505179 0.124800
0.528279 0.130300
0.551379 0.137300
0.574479 0.144700
0.597579 0.152300
0.620679 0.160500
0.643679 0.169200
0.666779 0.185800
0.689879 0.213000
0.712979 0.246200
0.736079 0.286700
0.759179 0.329400
0.782279 0.368600
0.805379 0.408000
0.828479 0.445900
0.851579 0.481800
0.874679 0.516700
0.897779 0.548900
0.920879 0.578000
0.943979 0.605500
0.967079 0.639100
0.990179 0.676500
1.013279 0.713900
1.036279 0.750800
1.059379 0.787600
1.082479 0.823900
1.105579 0.859000
1.128679 0.892200
1.151779 0.921500
1.174879 0.946700
1.197979 0.972900
1.221079 0.998800
1.244179 1.028100
1.267279 1.059500
1.290379 1.093200
1.313479 1.126700
1.336579 1.161100
1.359679 1.197200
1.382779 1.235000
1.405779 1.274300
1.428879 1.315100
1.451979 1.358300
1.475079 1.409800
1.498179 1.476500
1.521279 1.562400
1.544379 1.662100
1.567479 1.790600
1.590579 1.877600
1.613679 1.941800
1.636779 1.982700
1.659879 2.018600
1.682979 2.061700
1.706079 2.050900
1.729179 2.014900
1.752279 1.961300
1.775379 1.893000
1.798379 1.819500
1.821479 1.792000
1.844579 1.736400
1.867679 1.623400
1.890779 1.495900
1.913879 1.422300
1.936979 1.345500
1.960079 1.270400
1.983179 1.210900
2.006279 1.165600
2.029379 1.124100
2.052479 1.086400
2.075579 1.047500
2.098679 1.006000
2.121779 0.990400
2.144879 0.979400
2.167979 0.974200
2.190979 0.970500
2.214079 0.966900
2.237179 0.965900
2.260279 0.974500
2.283379 0.978900
2.306479 0.976900
2.329579 0.942700
2.352679 0.937300
2.375779 0.928800
2.398879 0.924100
2.421979 0.930700
2.445079 0.936700
2.468179 0.946300
2.491279 1.004300
2.514379 1.023600
2.537479 1.057500
2.560579 1.080400
2.583579 1.119500
2.606679 1.202100
2.629779 1.327800
2.652879 1.264900
2.675979 1.134700
2.699079 1.059900
2.722179 0.975300
2.745279 0.924600
2.768379 0.920700
2.791479 0.918400
2.814579 0.924100
2.837679 0.932300
2.860779 0.939300
2.883879 0.945700
2.906979 0.947400
2.930079 0.947700
2.953079 0.945000
2.976179 0.939200
2.999279 0.945600
3.022379 1.002800
3.045479 1.020400
3.068579 1.012700
3.091679 0.987200
3.114779 0.946700
3.137879 0.915700
3.160979 0.904400
3.184079 0.901800
3.207179 0.907700
3.230279 0.922000
3.253379 0.945800
3.276479 0.978000
3.299579 1.013500
3.322679 1.051300
3.345679 1.091300
3.368779 1.141800
3.391879 1.220800
3.414979 1.470300
3.438079 1.699400
3.461179 1.900300
3.484279 2.165600
3.507379 2.260800
3.530479 1.949700
3.553579 1.904500
3.576679 1.896500
3.599779 1.890100
3.622879 1.885500
3.645979 1.879800
3.669079 1.869600
3.692179 1.905200
3.715279 1.667600
3.738279 1.410600
3.761379 1.411100
3.784479 1.426200
3.807579 1.411100
3.830679 1.369500
3.853779 1.312700
3.876879 1.284400
3.899979 1.267600
3.923079 1.267100
3.946179 1.267200
3.969279 1.267900
3.992379 1.211500
4.015479 1.193800
4.038579 1.176600
4.061679 1.158900
4.084779 1.140600
4.107779 1.122000
4.130879 1.102600
4.153979 1.077900
4.177079 1.051400
4.200179 1.026900
4.223279 1.003500
4.246379 0.983100
4.269479 0.962900
4.292579 0.948200
4.315679 0.939200
4.338779 0.937900
4.361879 0.946600
4.384979 0.965500
4.408079 0.996500
4.431179 1.035100
4.454279 1.076500
4.477379 1.125400
4.500379 1.198800
4.523479 1.291300
4.546579 1.382900
4.569679 1.473600
4.592779 1.554200
4.615879 1.619100
4.638979 1.652500
4.662079 1.664000
4.685179 1.673000
4.708279 1.673000
4.731379 1.669800
4.754479 1.660600
4.777579 1.706300
4.800679 1.740900
4.823779 1.625500
4.846879 1.582100
4.869979 1.578400
4.892979 1.572600
4.916079 1.554000
4.939179 1.561100
4.962279 1.538100
4.985379 1.446800
5.008479 1.387500
5.031579 1.372600
5.054679 1.368100
5.077779 1.367200
5.100879 1.376400
5.123979 1.397200
5.147079 1.403500
5.170179 1.383700
5.193279 1.344600
5.216379 1.345000
5.239479 1.363300
5.262579 1.374100
5.285579 1.421500
5.308679 1.414900
5.331779 1.366100
5.354879 1.302700
5.377979 1.247600
5.401079 1.218600
5.424179 1.205900
5.447279 1.184300
5.470379 1.123700
5.493479 1.089400
5.516579 1.076700
5.539679 1.062900
5.562779 1.048700
5.585879 1.035800
5.608979 1.024800
5.632079 1.013900
5.655079 1.003400
5.678179 0.997900
5.701279 1.002600
5.724379 1.051600
5.747479 1.058500
5.770579 1.052400
5.793679 1.057300
5.816779 1.072700
5.839879 1.070000
5.862979 1.056500
5.886079 1.024700
5.909179 0.977900
5.932279 0.921400
5.955379 0.903700
5.978479 0.905400
6.001579 0.908900
6.024679 0.914100
6.047679 0.913200
6.070779 0.911500
6.093879 0.933100
6.116979 0.973200
6.140079 1.021100
6.163179 1.072100
6.186279 1.124800
6.209379 1.179500
6.232479 1.236700
6.255579 1.375800
6.278679 1.383900
6.301779 1.391900
6.324879 1.374700
6.347979 1.341400
6.371079 1.308800
6.394179 1.267600
6.417279 1.221900
6.440279 1.181700
6.463379 1.147400
6.486479 1.119400
6.509579 1.098000
6.532679 1.063000
6.555779 1.025400
6.578879 0.991400
6.601979 0.962500
6.625079 0.937200
6.648179 0.915700
6.671279 0.898000
6.694379 0.881300
6.717479 0.865600
6.740579 0.871700
6.763679 0.880800
6.786779 0.875300
6.809879 0.858100
6.832879 0.858100
6.855979 0.858200
6.879079 0.858400
6.902179 0.861500
6.925279 0.865800
6.948379 0.871100
6.971479 0.876300
6.994579 0.889800
7.017679 0.914200
7.040779 0.898100
7.063879 0.884200
7.086979 0.872700
7.110079 0.868500
7.133179 0.888000
7.156279 0.933500
7.179379 0.980600
7.202379 1.001400
7.225479 0.995800
7.248579 1.006100
7.271679 1.039600
7.294779 1.126900
7.317879 1.268700
7.340979 1.412400
7.364079 1.193800
7.387179 1.122400
7.410279 1.081400
7.433379 1.086600
7.456479 1.039600
7.479579 1.010700
7.502679 1.048100
7.525779 1.047900
7.548879 0.995100
7.571979 0.976100
7.594979 0.994600
7.618079 1.011000
7.641179 1.029300
7.664279 1.049500
7.687379 1.071500
7.710479 1.094900
7.733579 1.104100
7.756679 1.125500
7.779779 1.204600
7.802879 1.232300
7.825979 1.238700
7.849079 1.241300
7.872179 1.235600
7.895279 1.226200
7.918379 1.214600
7.941479 1.197000
7.964579 1.182800
7.987579 1.181200
8.010679 1.187600
8.033779 1.200400
8.056879 1.212100
8.079979 1.220200
8.103079 1.228000
8.126179 1.237100
8.149279 1.247800
8.172379 1.257800
8.195479 1.264900
8.218579 1.252700
8.241679 1.239900
8.264779 1.231600
8.287879 1.231000
8.310979 1.235600
8.334079 1.244100
8.357179 1.251700
8.380179 1.261000
8.403279 1.271800
8.426379 1.289600
8.449479 1.326500
8.472579 1.384100
8.495679 1.429800
8.518779 1.451900
8.541879 1.472400
8.564979 1.492100
8.588079 1.505600
8.611179 1.570300
8.634279 1.623000
8.657379 1.633600
8.680479 1.649700
8.703579 1.665400
8.726679 1.673000
8.749679 1.677200
8.772779 1.672400
8.795879 1.672100
8.818979 1.664500
8.842079 1.649800
8.865179 1.625300
8.888279 1.592900
8.911379 1.560500
8.934479 1.517100
8.957579 1.458500
8.980679 1.457000
9.003779 1.444800
9.026879 1.434900
9.049979 1.427500
9.073079 1.423100
9.096179 1.420000
9.119279 1.414700
9.142279 1.407800
9.165379 1.401800
9.188479 1.394500
9.211579 1.386700
9.234679 1.381800
9.257779 1.377800
9.280879 1.375300
9.303979 1.374200
9.327079 1.373900
9.350179 1.374100
9.373279 1.375900
9.396379 1.378800
9.419479 1.382100
9.442579 1.385600
9.465679 1.383400
9.488779 1.376500
9.511879 1.380500
9.534879 1.367300
9.557979 1.355700
9.581079 1.346200
9.604179 1.338400
9.627279 1.332300
9.650379 1.328200
9.673479 1.326000
9.696579 1.327700
9.719679 1.328700
9.742779 1.334400
9.765879 1.353900
9.788979 1.328400
9.812079 1.237600
9.835179 1.229300
9.858279 1.220900
9.881379 1.210800
9.904379 1.224300
9.927479 1.244500
9.950579 1.271200
9.973679 1.297300
9.996779 1.387600
10.019879 1.711800
10.042979 1.311000
10.066079 1.280700
10.089179 1.243700
10.112279 1.226900
10.135379 1.225200
10.158479 1.224800
10.181579 1.222900
10.204679 1.224800
10.227779 1.222400
10.250879 1.214000
10.273979 1.194000
10.296979 1.190000
10.320079 1.197200
10.343179 1.208800
10.366279 1.224000
10.389379 1.245200
10.412479 1.274400
10.435579 1.309300
10.458679 1.340900
10.481779 1.543500
10.504879 1.615700
10.527979 1.586700
10.551079 1.562400
10.574179 1.582400
10.597279 1.641500
10.620379 1.652000
10.643479 1.650100
10.666579 1.636500
10.689579 1.632700
10.712679 1.627400
10.735779 1.631500
10.758879 1.640900
10.781979 1.638700
10.805079 1.637000
10.828179 1.653500
10.851279 1.691000
10.874379 1.783200
10.897479 1.937100
10.920579 2.087100
10.943679 2.899900
10.966779 2.180900
10.989879 2.010300
11.012979 1.856900
11.036079 1.702900
11.059179 1.561400
11.082179 1.505200
11.105279 1.404800
11.128379 1.310800
11.151479 1.224100
11.174579 1.146600
11.197679 1.113400
11.220779 1.110100
11.243879 1.123900
11.266979 1.133400
11.290079 1.132600
11.313179 1.121800
11.336279 1.116700
11.359379 1.099200
11.382479 1.180800
11.405579 1.129200
11.428679 1.116100
11.451679 1.128600
11.474779 1.147100
11.497879 1.170900
11.520979 1.205300
11.544079 1.249200
11.567179 1.277900
11.590279 1.323600
11.613379 1.390700
11.636479 1.454500
11.659579 1.521600
11.682679 1.574800
11.705779 1.633300
11.728879 1.693100
11.751979 1.733000
11.775079 1.778800
11.798179 1.828300
11.821279 1.879800
11.844279 2.092700
11.867379 1.883800
11.890479 1.929100
11.913579 1.920400
11.936679 1.853700
11.959779 1.790100
11.982879 1.760500
12.005979 1.749700
12.029079 1.773500
12.052179 1.837700
12.075279 1.915800
12.098379 1.992000
12.121479 2.071100
12.144579 2.074800
12.167679 2.120100
12.190779 2.142400
12.213879 2.042800
12.236879 1.912500
12.259979 1.527400
12.283079 1.439000
12.306179 1.380900
12.329279 1.372400
12.352379 1.327200
12.375479 1.282000
12.398579 1.255200
12.421679 1.242600
12.444779 1.249900
12.467879 1.270400
12.490979 1.257500
12.514079 1.244300
12.537179 1.246100
12.560279 1.247200
12.583379 1.238600
12.606479 1.239700
12.629479 1.225700
12.652579 1.210600
12.675679 1.207100
12.698779 1.236100
12.721879 1.194600
12.744979 1.171700
12.768079 1.164100
12.791179 1.182600
12.814279 1.206600
12.837379 1.220400
12.860479 1.204600
12.883579 1.209700
12.906679 1.217900
12.929779 1.264500
12.952879 1.222600
12.975979 1.196600
12.998979 1.195600
13.022079 1.210000
13.045179 1.242400
13.068279 1.278600
13.091379 1.370900
13.114479 1.393600
13.137579 1.409400
13.160679 1.429800
13.183779 1.481300
13.206879 1.571400
13.229979 1.619700
13.253079 1.654900
13.276179 1.674600
13.299279 1.683800
13.322379 1.683800
13.345479 1.722100
13.368579 1.627700
13.391579 1.582800
13.414679 1.441500
13.437779 1.409400
13.460879 1.385400
13.483979 1.371600
13.507079 1.357200
13.530179 1.339300
13.553279 1.346400
13.576379 1.370000
13.599479 1.407800
13.622579 1.414500
13.645679 1.412400
13.668779 1.405000
13.691879 1.390400
13.714979 1.380300
13.738079 1.374700
13.761179 1.371600
13.784179 1.370600
13.807279 1.374300
13.830379 1.383900
13.853479 1.393900
13.876579 1.403700
13.899679 1.417900
13.922779 1.432500
13.945879 1.442700
13.968979 1.519100
13.992079 1.461300
14.015179 1.461900
14.038279 1.204500
14.061379 1.150700
14.084479 1.102200
14.107579 1.056900
14.130679 1.017100
14.153779 0.978600
14.176779 0.944300
14.199879 0.913700
14.222979 0.886400
14.246079 0.862900
14.269179 0.844100
14.292279 0.825900
14.315379 0.809200
14.338479 0.794000
14.361579 0.780200
14.384679 0.788400
14.407779 0.784100
14.430879 0.758400
14.453979 0.741500
14.477079 0.734100
14.500179 0.740000
14.523279 0.761300
14.546279 0.790400
14.569379 0.818300
14.592479 0.864000
14.615579 0.917700
14.638679 0.981900
14.661779 1.079400
14.684879 1.201900
14.707979 1.354500
14.731079 1.446900
14.754179 1.508700
14.777279 1.594200
14.800379 1.684600
14.823479 1.776400
14.846579 1.890800
14.869679 1.986800
14.892779 1.999700
14.915879 1.957100
14.938879 1.902400
14.961979 1.818300
14.985079 1.687900
15.008179 1.664600
15.031279 1.648900
15.054379 1.632500
15.077479 1.667100
15.100579 1.688500
15.123679 1.697500
15.146779 1.702100
15.169879 1.714100
15.192979 1.734800
15.216079 1.750600
15.239179 1.760600
15.262279 1.764700
15.285379 1.760400
15.308479 1.754500
15.331479 1.730600
15.354579 1.720700
15.377679 1.720100
15.400779 1.792800
15.423879 1.798100
15.446979 1.588600
15.470079 1.443300
15.493179 1.336800
15.516279 1.207700
15.539379 1.076600
15.562479 1.033300
15.585579 1.063500
15.608679 1.084400
15.631779 0.989700
15.654879 0.915400
15.677979 0.885300
15.700979 0.895600
15.724079 0.894400
15.747179 0.884400
15.770279 0.867400
15.793379 0.871000
15.816479 0.875300
15.839579 0.880000
15.862679 0.885200
15.885779 0.890900
15.908879 0.947500
15.931979 1.029800
15.955079 1.072400
15.978179 1.070300
16.001279 1.081300
16.024379 1.048900
16.047479 1.012700
16.070579 0.951900
16.093579 0.816000
16.116679 0.732100
16.139779 0.666700
16.162879 0.607500
16.185979 0.560900
16.209079 0.510400
16.232179 0.484800
16.255279 0.460100
16.278379 0.431400
16.301479 0.401000
16.324579 0.370100
16.347679 0.341300
16.370779 0.314700
16.393879 0.290500
16.416979 0.268900
16.440079 0.250000
16.463179 0.233600
16.486179 0.218000
16.509279 0.203100
16.532379 0.188800
16.555479 0.175000
16.578579 0.161300
16.601679 0.147400
16.624779 0.137300
16.647879 0.127800
16.670979 0.118500
16.694079 0.109600
16.717179 0.100500
16.740279 0.091000
16.763379 0.081100
16.786479 0.070800
16.809579 0.060100
16.832679 0.049100
16.855779 0.037600
16.878779 0.025700
16.901879 0.013400
16.924979 0.005600
16.948079 0.004500
16.971179 0.003600
16.994279 0.002700
17.017379 0.002000
17.040479 0.001400
17.063579 0.000900
17.086679 0.000500
17.109779 0.000200
17.132879 0.000100
17.155979 0.000000
17.179079 0.000000
17.202179 0.000000
17.225279 0.000000
17.248279 0.000000
17.271379 0.000000
17.294479 0.000000
17.317579 0.000000
17.340679 0.000000
17.363779 0.000000
17.386879 0.000000
17.409979 0.000000
17.433079 0.000000
17.456179 0.000000
17.479279 0.000000
17.502379 0.000000
17.525479 0.000000
17.548579 0.000000
17.571679 0.000000
17.594779 0.000000
17.617879 0.000000
17.640879 0.000000
17.663979 0.000000
17.687079 0.000000
17.710179 0.000000
17.733279 0.000000
17.756379 0.000000
17.779479 0.000000
17.802579 0.000000
17.825679 0.000000
17.848779 0.000000
17.871879 0.000000
17.894979 0.000000
17.918079 0.000000
17.941179 0.000000
17.964279 0.000000
17.987379 0.000000
18.010479 0.000000
18.033479 0.000000
18.056579 0.000000
18.079679 0.000000
18.102779 0.000000
18.125879 0.000000
18.148979 0.000000
18.172079 0.000000
18.195179 0.000000
18.218279 0.000000
18.241379 0.000000
18.264479 0.000000
18.287579 0.000000
18.310679 0.000000
18.333779 0.000000
18.356879 0.000000
18.379979 0.000000
18.403079 0.000000
18.426079 0.000000
18.449179 0.000000
18.472279 0.000000
18.495379 0.000000
18.518479 0.000000
18.541579 0.000000
18.564679 0.000000
18.587779 0.000000
18.610879 0.000000
18.633979 0.000000
18.657079 0.000000
18.680179 0.000000
18.703279 0.000000
18.726379 0.000000
18.749479 0.000000
18.772579 0.000000
18.795579 0.000000
18.818679 0.000000
18.841779 0.000000
18.864879 0.000000
18.887979 0.000000
18.911079 0.000000
18.934179 0.000000
18.957279 0.000000
18.980379 0.000000
19.003479 0.000000
19.026579 0.000000
19.049679 0.000000
19.072779 0.000000
19.095879 0.000000
19.118979 0.000000
19.142079 0.000000
19.165179 0.000000
19.188179 0.000000
19.211279 0.000000
19.234379 0.000000
19.257479 0.000000
