Energy(eV) Total_DOS
-37.800899 0.000000
-37.775499 0.000000
-37.749999 0.000000
-37.724499 0.000000
-37.698999 0.000000
-37.673499 0.000000
-37.647999 0.000000
-37.622499 0.000000
-37.596999 0.000000
-37.571499 0.000000
-37.546099 0.000000
-37.520599 0.000000
-37.495099 0.000000
-37.469599 0.000000
-37.444099 0.000000
-37.418599 0.000000
-37.393099 0.000000
-37.367599 0.000000
-37.342099 0.000000
-37.316699 0.000000
-37.291199 0.000000
-37.265699 0.000000
-37.240199 0.000000
-37.214699 0.000000
-37.189199 0.000000
-37.163699 0.000000
-37.138199 0.000000
-37.112699 0.000000
-37.087299 0.000000
-37.061799 0.000000
-37.036299 0.000000
-37.010799 0.000000
-36.985299 0.000000
-36.959799 0.000000
-36.934299 0.000000
-36.908799 0.000000
-36.883299 0.000000
-36.857799 0.000000
-36.832399 0.000000
-36.806899 0.000000
-36.781399 0.000000
-36.755899 0.000000
-36.730399 0.000000
-36.704899 0.000000
-36.679399 0.000000
-36.653899 0.000000
-36.628399 0.000000
-36.602999 0.000000
-36.577499 0.000000
-36.551999 0.000000
-36.526499 0.000000
-36.500999 0.000000
-36.475499 0.000000
-36.449999 0.000000
-36.424499 0.000000
-36.398999 0.000000
-36.373599 0.000000
-36.348099 0.000000
-36.322599 0.000000
-36.297099 0.000000
-36.271599 0.000000
-36.246099 0.000000
-36.220599 0.000000
-36.195099 0.000000
-36.169599 0.000000
-36.144099 0.000000
-36.118699 0.000000
-36.093199 0.000000
-36.067699 0.000000
-36.042199 0.000000
-36.016699 0.000000
-35.991199 0.000000
-35.965699 0.000000
-35.940199 0.000000
-35.914699 0.000000
-35.889299 0.000000
-35.863799 0.000000
-35.838299 0.000000
-35.812799 0.000000
-35.787299 0.000000
-35.761799 0.000000
-35.736299 0.000000
-35.710799 0.000000
-35.685299 0.000000
-35.659899 0.000000
-35.634399 0.000000
-35.608899 0.000000
-35.583399 0.000000
-35.557899 0.000000
-35.532399 0.000000
-35.506899 0.000000
-35.481399 6.419400
-35.455899 11.103300
-35.430399 15.038200
-35.404999 10.944500
-35.379499 5.433100
-35.353999 4.670000
-35.328499 6.762400
-35.302999 22.093200
-35.277499 34.505200
-35.251999 48.285600
-35.226499 15.834500
-35.200999 18.675600
-35.175599 14.091800
-35.150099 12.529600
-35.124599 0.000000
-35.099099 0.000000
-35.073599 0.000000
-35.048099 0.000000
-35.022599 0.000000
-34.997099 0.000000
-34.971599 0.000000
-34.946199 0.000000
-34.920699 0.000000
-34.895199 0.000000
-34.869699 0.000000
-34.844199 0.000000
-34.818699 0.000000
-34.793199 0.000000
-34.767699 0.000000
-34.742199 0.000000
-34.716799 0.000000
-34.691299 0.000000
-34.665799 0.000000
-34.640299 0.000000
-34.614799 0.000000
-34.589299 0.000000
-34.563799 0.000000
-34.538299 0.000000
-34.512799 0.000000
-34.487299 0.000000
-34.461899 0.000000
-34.436399 0.000000
-34.410899 0.000000
-34.385399 0.000000
-34.359899 0.000000
-34.334399 0.000000
-34.308899 0.000000
-34.283399 0.000000
-34.257899 0.000000
-34.232499 0.000000
-34.206999 0.000000
-34.181499 0.000000
-34.155999 0.000000
-34.130499 0.000000
-34.104999 0.000000
-34.079499 0.000000
-34.053999 0.000000
-34.028499 0.000000
-34.003099 0.000000
-33.977599 0.000000
-33.952099 0.000000
-33.926599 0.000000
-33.901099 0.000000
-33.875599 0.000000
-33.850099 0.000000
-33.824599 0.000000
-33.799099 0.000000
-33.773599 0.000000
-33.748199 0.000000
-33.722699 0.000000
-33.697199 0.000000
-33.671699 0.000000
-33.646199 0.000000
-33.620699 0.000000
-33.595199 0.000000
-33.569699 0.000000
-33.544199 0.000000
-33.518799 0.000000
-33.493299 0.000000
-33.467799 0.000000
-33.442299 0.000000
-33.416799 0.000000
-33.391299 0.000000
-33.365799 0.000000
-33.340299 0.000000
-33.314799 0.000000
-33.289399 0.000000
-33.263899 0.000000
-33.238399 0.000000
-33.212899 0.000000
-33.187399 0.000000
-33.161899 0.000000
-33.136399 0.000000
-33.110899 0.000000
-33.085399 0.000000
-33.059899 0.000000
-33.034499 0.000000
-33.008999 0.000000
-32.983499 0.000000
-32.957999 0.000000
-32.932499 0.000000
-32.906999 0.000000
-32.881499 0.000000
-32.855999 0.000000
-32.830499 0.000000
-32.805099 0.000000
-32.779599 0.000000
-32.754099 0.000000
-32.728599 0.000000
-32.703099 0.000000
-32.677599 0.000000
-32.652099 0.000000
-32.626599 0.000000
-32.601099 0.000000
-32.575699 0.000000
-32.550199 0.000000
-32.524699 0.000000
-32.499199 0.000000
-32.473699 0.000000
-32.448199 0.000000
-32.422699 0.000000
-32.397199 0.000000
-32.371699 0.000000
-32.346299 0.000000
-32.320799 0.000000
-32.295299 0.000000
-32.269799 0.000000
-32.244299 0.000000
-32.218799 0.000000
-32.193299 0.000000
-32.167799 0.000000
-32.142299 0.000000
-32.116799 0.000000
-32.091399 0.000000
-32.065899 0.000000
-32.040399 0.000000
-32.014899 0.000000
-31.989399 0.000000
-31.963899 0.000000
-31.938399 0.000000
-31.912899 0.000000
-31.887399 0.000000
-31.861999 0.000000
-31.836499 0.000000
-31.810999 0.000000
-31.785499 0.000000
-31.759999 0.000000
-31.734499 0.000000
-31.708999 0.000000
-31.683499 0.000000
-31.657999 0.000000
-31.632599 0.000000
-31.607099 0.000000
-31.581599 0.000000
-31.556099 0.000000
-31.530599 0.000000
-31.505099 0.000000
-31.479599 0.000000
-31.454099 0.000000
-31.428599 0.000000
-31.403099 0.000000
-31.377699 0.000000
-31.352199 0.000000
-31.326699 0.000000
-31.301199 0.000000
-31.275699 0.000000
-31.250199 0.000000
-31.224699 0.000000
-31.199199 0.000000
-31.173699 0.000000
-31.148299 0.000000
-31.122799 0.000000
-31.097299 0.000000
-31.071799 0.000000
-31.046299 0.000000
-31.020799 0.000000
-30.995299 0.000000
-30.969799 0.000000
-30.944299 0.000000
-30.918899 0.000000
-30.893399 0.000000
-30.867899 0.000000
-30.842399 0.000000
-30.816899 0.000000
-30.791399 0.000000
-30.765899 0.000000
-30.740399 0.000000
-30.714899 0.000000
-30.689399 0.000000
-30.663999 0.000000
-30.638499 0.000000
-30.612999 0.000000
-30.587499 0.000000
-30.561999 0.000000
-30.536499 0.000000
-30.510999 0.000000
-30.485499 0.000000
-30.459999 0.000000
-30.434599 0.000000
-30.409099 0.000000
-30.383599 0.000000
-30.358099 0.000000
-30.332599 0.000000
-30.307099 0.000000
-30.281599 0.000000
-30.256099 0.000000
-30.230599 0.000000
-30.205199 0.000000
-30.179699 0.000000
-30.154199 0.000000
-30.128699 0.000000
-30.103199 0.000000
-30.077699 0.000000
-30.052199 0.000000
-30.026699 0.000000
-30.001199 0.000000
-29.975799 0.000000
-29.950299 0.000000
-29.924799 0.000000
-29.899299 0.000000
-29.873799 0.000000
-29.848299 0.000000
-29.822799 0.000000
-29.797299 0.000000
-29.771799 0.000000
-29.746299 0.000000
-29.720899 0.000000
-29.695399 0.000000
-29.669899 0.000000
-29.644399 0.000000
-29.618899 0.000000
-29.593399 0.000000
-29.567899 0.000000
-29.542399 0.000000
-29.516899 0.000000
-29.491499 0.000000
-29.465999 0.000000
-29.440499 0.000000
-29.414999 0.000000
-29.389499 0.000000
-29.363999 0.000000
-29.338499 0.000000
-29.312999 0.000000
-29.287499 0.000000
-29.262099 0.000000
-29.236599 0.000000
-29.211099 0.000000
-29.185599 0.000000
-29.160099 0.000000
-29.134599 0.000000
-29.109099 0.000000
-29.083599 0.000000
-29.058099 0.000000
-29.032599 0.000000
-29.007199 0.000000
-28.981699 0.000000
-28.956199 0.000000
-28.930699 0.000000
-28.905199 0.000000
-28.879699 0.000000
-28.854199 0.000000
-28.828699 0.000000
-28.803199 0.000000
-28.777799 0.000000
-28.752299 0.000000
-28.726799 0.000000
-28.701299 0.000000
-28.675799 0.000000
-28.650299 0.000000
-28.624799 0.000000
-28.599299 0.000000
-28.573799 0.000000
-28.548399 0.000000
-28.522899 0.000000
-28.497399 0.000000
-28.471899 0.000000
-28.446399 0.000000
-28.420899 0.000000
-28.395399 0.000000
-28.369899 0.000000
-28.344399 0.000000
-28.318999 0.000000
-28.293499 0.000000
-28.267999 0.000000
-28.242499 0.000000
-28.216999 0.000000
-28.191499 0.000000
-28.165999 0.000000
-28.140499 0.000000
-28.114999 0.000000
-28.089499 0.000000
-28.064099 0.000000
-28.038599 0.000000
-28.013099 0.000000
-27.987599 0.000000
-27.962099 0.000000
-27.936599 0.000000
-27.911099 0.000000
-27.885599 0.000000
-27.860099 0.000000
-27.834699 0.000000
-27.809199 0.000000
-27.783699 0.000000
-27.758199 0.000000
-27.732699 0.000000
-27.707199 0.000000
-27.681699 0.000000
-27.656199 0.000000
-27.630699 0.000000
-27.605299 0.000000
-27.579799 0.000000
-27.554299 0.000000
-27.528799 0.000000
-27.503299 0.000000
-27.477799 0.000000
-27.452299 0.000000
-27.426799 0.000000
-27.401299 0.000000
-27.375799 0.000000
-27.350399 0.000000
-27.324899 0.000000
-27.299399 0.000000
-27.273899 0.000000
-27.248399 0.000000
-27.222899 0.000000
-27.197399 0.000000
-27.171899 0.000000
-27.146399 0.000000
-27.120999 0.000000
-27.095499 0.000000
-27.069999 0.000000
-27.044499 0.000000
-27.018999 0.000000
-26.993499 0.000000
-26.967999 0.000000
-26.942499 0.000000
-26.916999 0.000000
-26.891599 0.000000
-26.866099 0.000000
-26.840599 0.000000
-26.815099 0.000000
-26.789599 0.000000
-26.764099 0.000000
-26.738599 0.000000
-26.713099 0.000000
-26.687599 0.000000
-26.662099 0.000000
-26.636699 0.000000
-26.611199 0.000000
-26.585699 0.000000
-26.560199 0.000000
-26.534699 0.000000
-26.509199 0.000000
-26.483699 0.000000
-26.458199 0.000000
-26.432699 0.000000
-26.407299 0.000000
-26.381799 0.000000
-26.356299 0.000000
-26.330799 0.000000
-26.305299 0.000000
-26.279799 0.000000
-26.254299 0.000000
-26.228799 0.000000
-26.203299 0.000000
-26.177899 0.000000
-26.152399 0.000000
-26.126899 0.000000
-26.101399 0.000000
-26.075899 0.000000
-26.050399 0.000000
-26.024899 0.000000
-25.999399 0.000000
-25.973899 0.000000
-25.948499 0.000000
-25.922999 0.000000
-25.897499 0.000000
-25.871999 0.000000
-25.846499 0.000000
-25.820999 0.000000
-25.795499 0.000000
-25.769999 0.000000
-25.744499 0.000000
-25.718999 0.000000
-25.693599 0.000000
-25.668099 0.000000
-25.642599 0.000000
-25.617099 0.000000
-25.591599 0.000000
-25.566099 0.000000
-25.540599 0.000000
-25.515099 0.000000
-25.489599 0.000000
-25.464199 0.000000
-25.438699 0.000000
-25.413199 0.000000
-25.387699 0.000000
-25.362199 0.000000
-25.336699 0.000000
-25.311199 0.000000
-25.285699 0.000000
-25.260199 0.000000
-25.234799 0.000000
-25.209299 0.000000
-25.183799 0.000000
-25.158299 0.000000
-25.132799 0.000000
-25.107299 0.000000
-25.081799 0.000000
-25.056299 0.000000
-25.030799 0.000000
-25.005299 0.000000
-24.979899 0.000000
-24.954399 0.000000
-24.928899 0.000000
-24.903399 0.000000
-24.877899 0.000000
-24.852399 0.000000
-24.826899 0.000000
-24.801399 0.000000
-24.775899 0.000000
-24.750499 0.000000
-24.724999 0.000000
-24.699499 0.000000
-24.673999 0.000000
-24.648499 0.000000
-24.622999 0.000000
-24.597499 0.000000
-24.571999 0.000000
-24.546499 0.000000
-24.521099 0.000000
-24.495599 0.000000
-24.470099 0.000000
-24.444599 0.000000
-24.419099 0.000000
-24.393599 0.000000
-24.368099 0.000000
-24.342599 0.000000
-24.317099 0.000000
-24.291599 0.000000
-24.266199 0.000000
-24.240699 0.000000
-24.215199 0.000000
-24.189699 0.000000
-24.164199 0.000000
-24.138699 0.000000
-24.113199 0.000000
-24.087699 0.000000
-24.062199 0.000000
-24.036799 0.000000
-24.011299 0.000000
-23.985799 0.000000
-23.960299 0.000000
-23.934799 0.000000
-23.909299 0.000000
-23.883799 0.000000
-23.858299 0.000000
-23.832799 0.000000
-23.807399 0.000000
-23.781899 0.000000
-23.756399 0.000000
-23.730899 0.000000
-23.705399 0.000000
-23.679899 0.000000
-23.654399 0.000000
-23.628899 0.000000
-23.603399 0.000000
-23.577999 0.000000
-23.552499 0.000000
-23.526999 0.000000
-23.501499 0.000000
-23.475999 0.000000
-23.450499 0.000000
-23.424999 0.000000
-23.399499 0.000000
-23.373999 0.000000
-23.348499 0.000000
-23.323099 0.000000
-23.297599 0.000000
-23.272099 0.000000
-23.246599 0.000000
-23.221099 0.000000
-23.195599 0.000000
-23.170099 0.000000
-23.144599 0.000000
-23.119099 0.000000
-23.093699 0.000000
-23.068199 0.000000
-23.042699 0.000000
-23.017199 0.000000
-22.991699 0.000000
-22.966199 0.000000
-22.940699 0.000000
-22.915199 0.000000
-22.889699 0.000000
-22.864299 0.000000
-22.838799 0.000000
-22.813299 0.000000
-22.787799 0.000000
-22.762299 0.000000
-22.736799 0.000000
-22.711299 0.000000
-22.685799 0.000000
-22.660299 0.000000
-22.634799 0.000000
-22.609399 0.000000
-22.583899 0.000000
-22.558399 0.000000
-22.532899 0.000000
-22.507399 0.000000
-22.481899 0.000000
-22.456399 0.000000
-22.430899 0.000000
-22.405399 0.000000
-22.379999 0.000000
-22.354499 0.000000
-22.328999 0.000000
-22.303499 0.000000
-22.277999 0.000000
-22.252499 0.000000
-22.226999 0.000000
-22.201499 0.000000
-22.175999 0.000000
-22.150599 0.000000
-22.125099 0.000000
-22.099599 0.000000
-22.074099 0.000000
-22.048599 0.000000
-22.023099 0.000000
-21.997599 0.000000
-21.972099 0.000000
-21.946599 0.000000
-21.921099 0.000000
-21.895699 0.000000
-21.870199 0.000000
-21.844699 0.000000
-21.819199 0.000000
-21.793699 0.000000
-21.768199 0.000000
-21.742699 0.000000
-21.717199 0.000000
-21.691699 0.000000
-21.666299 0.000000
-21.640799 0.000000
-21.615299 0.000000
-21.589799 0.000000
-21.564299 0.000000
-21.538799 0.000000
-21.513299 0.000000
-21.487799 0.000000
-21.462299 0.000000
-21.436899 0.000000
-21.411399 0.000000
-21.385899 0.000000
-21.360399 0.000000
-21.334899 0.000000
-21.309399 0.000000
-21.283899 0.000000
-21.258399 0.000000
-21.232899 0.000000
-21.207499 0.000000
-21.181999 0.000000
-21.156499 0.000000
-21.130999 0.000000
-21.105499 0.000000
-21.079999 0.000000
-21.054499 0.000000
-21.028999 0.000000
-21.003499 0.000000
-20.977999 0.000000
-20.952599 0.000000
-20.927099 0.000000
-20.901599 0.000000
-20.876099 0.000000
-20.850599 0.000000
-20.825099 0.000000
-20.799599 0.000000
-20.774099 0.000000
-20.748599 0.000000
-20.723199 0.000000
-20.697699 0.000000
-20.672199 0.000000
-20.646699 0.000000
-20.621199 0.000000
-20.595699 0.000000
-20.570199 0.000000
-20.544699 0.000000
-20.519199 0.000000
-20.493799 0.000000
-20.468299 0.000000
-20.442799 0.000000
-20.417299 0.000000
-20.391799 0.000000
-20.366299 0.000000
-20.340799 0.000000
-20.315299 0.000000
-20.289799 0.000000
-20.264299 0.000000
-20.238899 0.000000
-20.213399 0.000000
-20.187899 0.000000
-20.162399 0.000000
-20.136899 0.000000
-20.111399 0.000000
-20.085899 0.000000
-20.060399 0.000000
-20.034899 0.000000
-20.009499 0.000000
-19.983999 0.000000
-19.958499 0.000000
-19.932999 0.000000
-19.907499 0.000000
-19.881999 0.000000
-19.856499 0.000000
-19.830999 0.000000
-19.805499 0.000000
-19.780099 0.000000
-19.754599 0.000000
-19.729099 0.000000
-19.703599 0.000000
-19.678099 0.000000
-19.652599 0.000000
-19.627099 0.000000
-19.601599 0.000000
-19.576099 0.000000
-19.550699 0.000000
-19.525199 0.000000
-19.499699 0.000000
-19.474199 0.000000
-19.448699 0.000000
-19.423199 0.000000
-19.397699 0.000000
-19.372199 0.000000
-19.346699 0.000000
-19.321199 0.000000
-19.295799 0.000000
-19.270299 0.000000
-19.244799 0.000000
-19.219299 0.000000
-19.193799 0.000000
-19.168299 0.000000
-19.142799 0.000000
-19.117299 0.000000
-19.091799 0.000000
-19.066399 0.000000
-19.040899 0.000000
-19.015399 0.000000
-18.989899 0.000000
-18.964399 0.000000
-18.938899 0.000000
-18.913399 0.000000
-18.887899 0.000000
-18.862399 0.000000
-18.836999 0.000000
-18.811499 0.000000
-18.785999 0.000000
-18.760499 0.000000
-18.734999 0.000000
-18.709499 0.000000
-18.683999 0.000000
-18.658499 0.000000
-18.632999 0.000000
-18.607499 0.000000
-18.582099 0.000000
-18.556599 0.000000
-18.531099 0.000000
-18.505599 0.000000
-18.480099 0.000000
-18.454599 0.000000
-18.429099 0.000000
-18.403599 0.000000
-18.378099 0.000000
-18.352699 0.000000
-18.327199 0.000000
-18.301699 0.000000
-18.276199 0.000000
-18.250699 0.000000
-18.225199 0.000000
-18.199699 0.000000
-18.174199 0.000000
-18.148699 0.000000
-18.123299 0.000000
-18.097799 0.000000
-18.072299 0.000000
-18.046799 0.000000
-18.021299 0.000000
-17.995799 0.000000
-17.970299 0.000000
-17.944799 0.000000
-17.919299 0.000000
-17.893799 0.000000
-17.868399 0.000000
-17.842899 0.000000
-17.817399 0.000000
-17.791899 0.000000
-17.766399 0.000000
-17.740899 0.000000
-17.715399 0.000000
-17.689899 0.000000
-17.664399 0.000000
-17.638999 0.000000
-17.613499 0.000000
-17.587999 0.000000
-17.562499 0.000000
-17.536999 0.000000
-17.511499 0.000000
-17.485999 0.000000
-17.460499 0.000000
-17.434999 0.000000
-17.409599 0.000000
-17.384099 0.000000
-17.358599 0.000000
-17.333099 0.000000
-17.307599 0.000000
-17.282099 0.000000
-17.256599 0.000000
-17.231099 0.000000
-17.205599 0.000000
-17.180199 0.000000
-17.154699 0.000000
-17.129199 0.000000
-17.103699 0.000000
-17.078199 0.000000
-17.052699 0.000000
-17.027199 0.000000
-17.001699 0.000000
-16.976199 0.000000
-16.950699 0.000000
-16.925299 0.000000
-16.899799 0.000000
-16.874299 0.000000
-16.848799 0.000000
-16.823299 0.000000
-16.797799 0.000000
-16.772299 0.000000
-16.746799 0.000000
-16.721299 0.000000
-16.695899 0.000000
-16.670399 0.000000
-16.644899 0.000000
-16.619399 0.000000
-16.593899 0.000000
-16.568399 0.000000
-16.542899 0.000000
-16.517399 0.000000
-16.491899 0.000000
-16.466499 0.000000
-16.440999 0.000000
-16.415499 0.000000
-16.389999 0.000000
-16.364499 0.000000
-16.338999 0.000000
-16.313499 0.000000
-16.287999 0.000000
-16.262499 0.000000
-16.236999 0.000000
-16.211599 0.000000
-16.186099 0.000000
-16.160599 0.000000
-16.135099 0.000000
-16.109599 0.000000
-16.084099 0.000000
-16.058599 0.000000
-16.033099 0.000000
-16.007599 0.000000
-15.982199 0.000000
-15.956699 0.000000
-15.931199 0.000000
-15.905699 0.000000
-15.880199 0.000000
-15.854699 0.000000
-15.829199 0.000000
-15.803699 0.000000
-15.778199 0.000000
-15.752799 0.000000
-15.727299 0.000000
-15.701799 0.000000
-15.676299 0.000000
-15.650799 0.000000
-15.625299 0.000000
-15.599799 0.000000
-15.574299 0.000000
-15.548799 0.000000
-15.523299 0.000000
-15.497899 0.000000
-15.472399 0.000000
-15.446899 0.000000
-15.421399 0.000000
-15.395899 0.000000
-15.370399 0.000000
-15.344899 0.000000
-15.319399 0.000000
-15.293899 0.000000
-15.268499 0.000000
-15.242999 0.000000
-15.217499 0.000000
-15.191999 0.000000
-15.166499 0.000000
-15.140999 0.000000
-15.115499 0.000000
-15.089999 0.000000
-15.064499 0.000000
-15.039099 0.000000
-15.013599 0.000000
-14.988099 0.000000
-14.962599 0.000000
-14.937099 0.000000
-14.911599 0.000000
-14.886099 0.000000
-14.860599 0.000000
-14.835099 0.000000
-14.809699 0.000000
-14.784199 0.000000
-14.758699 0.000000
-14.733199 0.000000
-14.707699 0.000000
-14.682199 0.000000
-14.656699 0.000000
-14.631199 0.000000
-14.605699 0.000000
-14.580199 0.000000
-14.554799 0.000000
-14.529299 0.000000
-14.503799 0.000000
-14.478299 0.000000
-14.452799 0.000000
-14.427299 0.000000
-14.401799 0.000000
-14.376299 0.000000
-14.350799 0.000000
-14.325399 0.109000
-14.299899 0.401600
-14.274399 0.522300
-14.248899 0.483700
-14.223399 0.525700
-14.197899 0.518500
-14.172399 0.491600
-14.146899 0.500500
-14.121399 0.519400
-14.095999 0.538400
-14.070499 0.534500
-14.044999 0.522200
-14.019499 0.522900
-13.993999 0.528000
-13.968499 0.538400
-13.942999 0.549700
-13.917499 0.560700
-13.891999 0.561000
-13.866499 0.554900
-13.841099 0.557800
-13.815599 0.563700
-13.790099 0.569600
-13.764599 0.576600
-13.739099 0.585100
-13.713599 0.593700
-13.688099 0.599700
-13.662599 0.600900
-13.637099 0.604700
-13.611699 0.609800
-13.586199 0.616900
-13.560699 0.624200
-13.535199 0.631600
-13.509699 0.639000
-13.484199 0.646800
-13.458699 0.655000
-13.433199 0.663000
-13.407699 0.671300
-13.382299 0.679900
-13.356799 0.688700
-13.331299 0.697600
-13.305799 0.706900
-13.280299 0.716200
-13.254799 0.725500
-13.229299 0.734800
-13.203799 0.744200
-13.178299 0.759900
-13.152799 0.778100
-13.127399 0.793700
-13.101899 0.808000
-13.076399 0.822400
-13.050899 1.050200
-13.025399 1.413300
-12.999899 1.776300
-12.974399 2.072800
-12.948899 2.148100
-12.923399 2.185800
-12.897999 2.257600
-12.872499 2.305700
-12.846999 2.366700
-12.821499 2.415600
-12.795999 2.476600
-12.770499 2.544900
-12.744999 2.611200
-12.719499 2.672400
-12.693999 2.778000
-12.668599 2.928600
-12.643099 3.064100
-12.617599 3.207400
-12.592099 3.359600
-12.566599 3.555000
-12.541099 3.778800
-12.515599 4.094900
-12.490099 4.682800
-12.464599 5.161000
-12.439199 4.632900
-12.413699 4.446500
-12.388199 4.528800
-12.362699 4.655600
-12.337199 5.218200
-12.311699 5.747300
-12.286199 8.643100
-12.260699 6.256200
-12.235199 5.100100
-12.209699 3.172300
-12.184299 3.052200
-12.158799 2.537100
-12.133299 2.198200
-12.107799 0.000000
-12.082299 0.000000
-12.056799 0.000000
-12.031299 0.000000
-12.005799 0.000000
-11.980299 0.000000
-11.954899 0.000000
-11.929399 0.000000
-11.903899 0.000000
-11.878399 0.000000
-11.852899 0.000000
-11.827399 0.000000
-11.801899 0.000000
-11.776399 0.000000
-11.750899 0.000000
-11.725499 0.000000
-11.699999 0.000000
-11.674499 0.000000
-11.648999 0.000000
-11.623499 0.000000
-11.597999 0.000000
-11.572499 0.000000
-11.546999 0.000000
-11.521499 0.000000
-11.495999 0.000000
-11.470599 0.000000
-11.445099 0.000000
-11.419599 0.000000
-11.394099 0.000000
-11.368599 0.000000
-11.343099 0.000000
-11.317599 0.000000
-11.292099 0.000000
-11.266599 0.000000
-11.241199 0.000000
-11.215699 0.000000
-11.190199 0.000000
-11.164699 0.000000
-11.139199 0.000000
-11.113699 0.000000
-11.088199 0.000000
-11.062699 0.000000
-11.037199 0.000000
-11.011799 0.000000
-10.986299 0.000000
-10.960799 0.000000
-10.935299 0.000000
-10.909799 0.000000
-10.884299 0.000000
-10.858799 0.000000
-10.833299 0.000000
-10.807799 0.000000
-10.782399 0.000000
-10.756899 0.000000
-10.731399 0.000000
-10.705899 0.000000
-10.680399 0.000000
-10.654899 0.000000
-10.629399 0.000000
-10.603899 0.000000
-10.578399 0.000000
-10.552899 0.000000
-10.527499 0.000000
-10.501999 0.000000
-10.476499 0.000000
-10.450999 0.000000
-10.425499 0.000000
-10.399999 0.000000
-10.374499 0.000000
-10.348999 0.000000
-10.323499 0.000000
-10.298099 0.000000
-10.272599 0.000000
-10.247099 0.000000
-10.221599 0.000000
-10.196099 0.000000
-10.170599 0.000000
-10.145099 0.000000
-10.119599 0.000000
-10.094099 0.000000
-10.068699 0.000000
-10.043199 0.000000
-10.017699 0.000000
-9.992199 0.000000
-9.966699 0.000000
-9.941199 0.000000
-9.915699 0.000000
-9.890199 0.000000
-9.864699 0.000000
-9.839199 0.000000
-9.813799 0.000000
-9.788299 0.000000
-9.762799 0.000000
-9.737299 0.000000
-9.711799 0.000000
-9.686299 0.000000
-9.660799 0.000000
-9.635299 0.000000
-9.609799 0.000000
-9.584399 0.000000
-9.558899 0.000000
-9.533399 0.000000
-9.507899 0.000000
-9.482399 0.000000
-9.456899 0.000000
-9.431399 0.000000
-9.405899 0.000000
-9.380399 0.000000
-9.354999 0.000000
-9.329499 0.000000
-9.303999 0.000000
-9.278499 0.000000
-9.252999 0.000000
-9.227499 0.000000
-9.201999 0.000000
-9.176499 0.000000
-9.150999 0.000000
-9.125499 0.000000
-9.100099 0.000000
-9.074599 0.000000
-9.049099 0.000000
-9.023599 0.000000
-8.998099 0.000000
-8.972599 0.000000
-8.947099 0.000000
-8.921599 0.000000
-8.896099 0.000000
-8.870699 0.000000
-8.845199 0.000000
-8.819699 0.000000
-8.794199 0.000000
-8.768699 0.000000
-8.743199 0.000000
-8.717699 0.000000
-8.692199 0.000000
-8.666699 0.000000
-8.641299 0.000000
-8.615799 0.000000
-8.590299 0.000000
-8.564799 0.000000
-8.539299 0.000000
-8.513799 0.000000
-8.488299 0.000000
-8.462799 0.000000
-8.437299 0.000000
-8.411899 0.000000
-8.386399 0.000000
-8.360899 0.000000
-8.335399 0.000000
-8.309899 0.000000
-8.284399 0.000000
-8.258899 0.000000
-8.233399 0.000000
-8.207899 0.000000
-8.182399 0.000000
-8.156999 0.000000
-8.131499 0.000000
-8.105999 0.000000
-8.080499 0.000000
-8.054999 0.000000
-8.029499 0.000000
-8.003999 0.000000
-7.978499 0.000000
-7.952999 0.000000
-7.927599 0.000000
-7.902099 0.000000
-7.876599 0.000000
-7.851099 0.000000
-7.825599 0.000000
-7.800099 0.000000
-7.774599 0.000000
-7.749099 0.000000
-7.723599 0.000000
-7.698199 0.000000
-7.672699 0.000000
-7.647199 0.000000
-7.621699 0.000000
-7.596199 0.000000
-7.570699 0.000000
-7.545199 0.000000
-7.519699 0.000000
-7.494199 0.000000
-7.468699 0.000000
-7.443299 0.000000
-7.417799 0.000000
-7.392299 0.000000
-7.366799 0.000000
-7.341299 0.000000
-7.315799 0.000000
-7.290299 0.000000
-7.264799 0.000000
-7.239299 0.000000
-7.213899 0.000000
-7.188399 0.000000
-7.162899 0.000000
-7.137399 0.000000
-7.111899 0.000000
-7.086399 0.000000
-7.060899 0.000000
-7.035399 0.000000
-7.009899 0.000000
-6.984499 0.000000
-6.958999 0.000000
-6.933499 0.000000
-6.907999 0.000000
-6.882499 0.000000
-6.856999 0.000000
-6.831499 0.000000
-6.805999 0.000000
-6.780499 0.000000
-6.754999 0.000000
-6.729599 0.000000
-6.704099 0.000000
-6.678599 0.000000
-6.653099 0.000000
-6.627599 0.000000
-6.602099 0.000000
-6.576599 0.000000
-6.551099 0.000000
-6.525599 0.000000
-6.500199 0.000000
-6.474699 0.000000
-6.449199 0.000000
-6.423699 0.000000
-6.398199 0.000000
-6.372699 0.000000
-6.347199 0.000000
-6.321699 0.000000
-6.296199 0.000000
-6.270799 0.000000
-6.245299 0.000000
-6.219799 0.000000
-6.194299 0.000000
-6.168799 0.000000
-6.143299 0.000000
-6.117799 0.000000
-6.092299 0.000000
-6.066799 0.000000
-6.041399 0.000000
-6.015899 0.000000
-5.990399 0.233800
-5.964899 1.033300
-5.939399 1.266200
-5.913899 1.116100
-5.888399 1.231500
-5.862899 1.347300
-5.837399 1.417600
-5.811899 1.413600
-5.786499 1.441900
-5.760999 1.519900
-5.735499 1.609100
-5.709999 1.730300
-5.684499 1.789000
-5.658999 1.823400
-5.633499 1.882000
-5.607999 1.944300
-5.582499 2.630900
-5.557099 2.827100
-5.531599 2.920700
-5.506099 3.134600
-5.480599 3.711000
-5.455099 3.929600
-5.429599 3.512300
-5.404099 3.808600
-5.378599 4.925100
-5.353099 3.936200
-5.327699 4.458800
-5.302199 4.300400
-5.276699 4.463500
-5.251199 4.836600
-5.225699 4.101100
-5.200199 3.718400
-5.174699 3.435400
-5.149199 3.245400
-5.123699 2.471400
-5.098199 2.105700
-5.072799 1.800600
-5.047299 2.063300
-5.021799 2.221900
-4.996299 2.043100
-4.970799 1.807900
-4.945299 1.626100
-4.919799 1.491600
-4.894299 1.187500
-4.868799 1.115800
-4.843399 1.052600
-4.817899 0.976900
-4.792399 0.935900
-4.766899 0.906900
-4.741399 0.881000
-4.715899 0.855600
-4.690399 0.831900
-4.664899 0.811300
-4.639399 0.793500
-4.613999 0.776800
-4.588499 0.760200
-4.562999 0.744300
-4.537499 0.730200
-4.511999 0.717900
-4.486499 0.706800
-4.460999 0.698900
-4.435499 0.696200
-4.409999 0.689700
-4.384499 0.684900
-4.359099 0.685500
-4.333599 1.634400
-4.308099 2.173000
-4.282599 3.090900
-4.257099 3.553000
-4.231599 4.414900
-4.206099 4.639500
-4.180599 5.181000
-4.155099 5.986700
-4.129699 6.053700
-4.104199 6.599600
-4.078699 5.397000
-4.053199 5.040600
-4.027699 5.369600
-4.002199 4.392100
-3.976699 3.784400
-3.951199 3.338700
-3.925699 2.690800
-3.900299 1.829500
-3.874799 1.315400
-3.849299 1.065500
-3.823799 1.035200
-3.798299 1.125300
-3.772799 1.445900
-3.747299 1.244500
-3.721799 1.156600
-3.696299 1.149000
-3.670899 1.130400
-3.645399 1.115400
-3.619899 1.340800
-3.594399 1.634200
-3.568899 1.987700
-3.543399 2.344800
-3.517899 2.816100
-3.492399 3.498500
-3.466899 4.633700
-3.441399 6.143800
-3.415999 10.895700
-3.390499 7.940100
-3.364999 4.490700
-3.339499 3.483300
-3.313999 3.138600
-3.288499 2.921300
-3.262999 2.920800
-3.237499 3.033700
-3.211999 2.951000
-3.186599 2.779700
-3.161099 2.722200
-3.135599 1.927700
-3.110099 1.906900
-3.084599 1.873800
-3.059099 1.839500
-3.033599 1.805700
-3.008099 1.771400
-2.982599 1.694500
-2.957199 1.558300
-2.931699 1.609900
-2.906199 1.494200
-2.880699 1.391500
-2.855199 1.514700
-2.829699 2.067300
-2.804199 1.889800
-2.778699 1.871500
-2.753199 1.830700
-2.727699 1.736200
-2.702299 1.182600
-2.676799 1.262000
-2.651299 1.331200
-2.625799 1.443300
-2.600299 1.990700
-2.574799 2.094500
-2.549299 2.211700
-2.523799 2.232400
-2.498299 2.126600
-2.472899 1.733000
-2.447399 0.935300
-2.421899 1.377300
-2.396399 2.024600
-2.370899 2.307500
-2.345399 2.582300
-2.319899 2.851200
-2.294399 2.932200
-2.268899 3.237000
-2.243499 3.460300
-2.217999 3.860400
-2.192499 4.760400
-2.166999 4.848800
-2.141499 4.491700
-2.115999 4.280000
-2.090499 4.246600
-2.064999 4.866500
-2.039499 4.709600
-2.013999 4.245800
-1.988599 3.872700
-1.963099 3.610000
-1.937599 3.431400
-1.912099 3.084500
-1.886599 2.480500
-1.861099 2.317200
-1.835599 2.185600
-1.810099 2.365100
-1.784599 2.265600
-1.759199 2.176900
-1.733699 2.300300
-1.708199 2.364500
-1.682699 2.561100
-1.657199 2.381300
-1.631699 2.304100
-1.606199 2.248400
-1.580699 2.197600
-1.555199 2.180600
-1.529799 2.248200
-1.504299 2.391600
-1.478799 2.504700
-1.453299 2.610500
-1.427799 2.515700
-1.402299 2.409700
-1.376799 2.279000
-1.351299 2.082600
-1.325799 1.798400
-1.300399 1.557000
-1.274899 1.372800
-1.249399 1.149500
-1.223899 1.226200
-1.198399 1.568800
-1.172899 2.169800
-1.147399 2.394300
-1.121899 2.792900
-1.096399 3.236000
-1.070899 4.624900
-1.045499 5.255600
-1.019999 3.281400
-0.994499 3.035700
-0.968999 2.877500
-0.943499 2.928400
-0.917999 2.833200
-0.892499 2.785300
-0.866999 2.737800
-0.841499 2.652700
-0.816099 2.541100
-0.790599 2.425600
-0.765099 2.329100
-0.739599 2.280900
-0.714099 2.173600
-0.688599 2.091800
-0.663099 2.037300
-0.637599 1.940900
-0.612099 1.798200
-0.586699 1.804600
-0.561199 1.705100
-0.535699 1.571600
-0.510199 1.520700
-0.484699 1.371200
-0.459199 1.273400
-0.433699 1.161700
-0.408199 1.086200
-0.382699 1.032600
-0.357199 0.914300
-0.331799 0.804300
-0.306299 2.103400
-0.280799 0.334800
-0.255299 0.308400
-0.229799 0.283100
-0.204299 0.260200
-0.178799 0.237700
-0.153299 0.218400
-0.127799 0.202200
-0.102399 0.173900
-0.076899 0.139700
-0.051399 0.104600
-0.025899 0.056100
-0.000399 0.000000
0.025101 0.000000
0.050601 0.000000
0.076101 0.000000
0.101601 0.000000
0.127001 0.000000
0.152501 0.000000
0.178001 0.000000
0.203501 0.000000
0.229001 0.000000
0.254501 0.000000
0.280001 0.000000
0.305501 0.000000
0.331001 0.000000
0.356401 0.000000
0.381901 0.000000
0.407401 0.000000
0.432901 0.000000
0.458401 0.000000
0.483901 0.000000
0.509401 0.000000
0.534901 0.000000
0.560401 0.000000
0.585901 0.000000
0.611301 0.000000
0.636801 0.000000
0.662301 0.000000
0.687801 0.000000
0.713301 0.000000
0.738801 0.000000
0.764301 0.000000
0.789801 0.000000
0.815301 0.000000
0.840701 0.000000
0.866201 0.000000
0.891701 0.000000
0.917201 0.000000
0.942701 0.000000
0.968201 0.000000
0.993701 0.000000
1.019201 0.000000
1.044701 0.000000
1.070101 0.000000
1.095601 0.000000
1.121101 0.000000
1.146601 0.000000
1.172101 0.000000
1.197601 0.000000
1.223101 0.000000
1.248601 0.000000
1.274101 0.000000
1.299601 0.000000
1.325001 0.000000
1.350501 0.000000
1.376001 0.000000
1.401501 0.000000
1.427001 0.320400
1.452501 0.366300
1.478001 0.412200
1.503501 0.458100
1.529001 0.775900
1.554401 1.000200
1.579901 1.213900
1.605401 1.424600
1.630901 1.634400
1.656401 1.857600
1.681901 2.167800
1.707401 2.549700
1.732901 2.909400
1.758401 3.374500
1.783801 3.858200
1.809301 4.292000
1.834801 4.441200
1.860301 4.746400
1.885801 5.934300
1.911301 9.673500
1.936801 10.556600
1.962301 3.630900
1.987801 2.317200
2.013301 1.938200
2.038701 1.812600
2.064201 2.086200
2.089701 2.568700
2.115201 3.492900
2.140701 5.212300
2.166201 5.561500
2.191701 5.259000
2.217201 5.031200
2.242701 4.874000
2.268101 5.397700
2.293601 5.306100
2.319101 5.256800
2.344601 5.644500
2.370101 5.010700
2.395601 5.068700
2.421101 5.270600
2.446601 5.045500
2.472101 3.857900
2.497501 3.434000
2.523001 3.284600
2.548501 3.138600
2.574001 2.820600
2.599501 2.918300
2.625001 2.224800
2.650501 2.056800
2.676001 3.654500
2.701501 2.824100
2.726901 2.354200
2.752401 2.586500
2.777901 4.629300
2.803401 3.848600
2.828901 3.338700
2.854401 2.499400
2.879901 2.380600
2.905401 2.340300
2.930901 2.205700
2.956401 2.197400
2.981801 2.224100
3.007301 2.541900
3.032801 2.908500
3.058301 2.576800
3.083801 2.220100
3.109301 2.073200
3.134801 2.031900
3.160301 1.977000
3.185801 1.917200
3.211201 1.811200
3.236701 1.513800
3.262201 1.484200
3.287701 1.454900
3.313201 1.438900
3.338701 1.439700
3.364201 1.449200
3.389701 1.465200
3.415201 1.491200
3.440601 1.511300
3.466101 1.546400
3.491601 1.593700
3.517101 1.691300
3.542601 1.801900
3.568101 1.831100
3.593601 1.586000
3.619101 1.400700
3.644601 1.298800
3.670101 1.291500
3.695501 1.364000
3.721001 1.030000
3.746501 1.055500
3.772001 1.090700
3.797501 1.182400
3.823001 1.468200
3.848501 1.857700
3.874001 2.303400
3.899501 4.270100
3.924901 5.908800
3.950401 4.383900
3.975901 2.958900
4.001401 2.336300
4.026901 2.028600
4.052401 1.964900
4.077901 1.872800
4.103401 1.794300
4.128901 1.708900
4.154301 1.609300
4.179801 1.533000
4.205301 1.471400
4.230801 1.379700
4.256301 1.279000
4.281801 1.201600
4.307301 1.132500
4.332801 1.044800
4.358301 0.951000
4.383801 0.913100
4.409201 0.879000
4.434701 0.835300
4.460201 0.810700
4.485701 0.731600
4.511201 0.686800
4.536701 0.689700
4.562201 0.000000
4.587701 0.000000
4.613201 0.000000
4.638601 0.000000
4.664101 0.000000
4.689601 0.000000
4.715101 0.000000
4.740601 0.000000
4.766101 0.000000
4.791601 0.000000
4.817101 0.000000
4.842601 0.000000
4.868001 0.000000
4.893501 0.000000
4.919001 0.000000
4.944501 0.000000
4.970001 0.000000
4.995501 0.000000
5.021001 0.000000
5.046501 0.000000
5.072001 0.000000
5.097401 0.000000
5.122901 0.000000
5.148401 0.000000
5.173901 0.000000
5.199401 0.000000
5.224901 0.000000
5.250401 0.000000
5.275901 0.000000
5.301401 0.000000
5.326901 0.000000
5.352301 0.000000
5.377801 0.000000
5.403301 0.000000
5.428801 0.000000
5.454301 0.000000
5.479801 0.000000
5.505301 0.000000
5.530801 0.000000
5.556301 0.000000
5.581701 0.000000
5.607201 0.000000
5.632701 0.000000
5.658201 0.000000
5.683701 0.000000
5.709201 0.012600
5.734701 0.055400
5.760201 0.114700
5.785701 0.190900
5.811101 0.257400
5.836601 0.281500
5.862101 0.300800
5.887601 0.326400
5.913101 0.346400
5.938601 0.376200
5.964101 0.409600
5.989601 0.444700
6.015101 0.481200
6.040601 0.519400
6.066001 0.545000
6.091501 0.577300
6.117001 0.621300
6.142501 0.664300
6.168001 0.699300
6.193501 0.723900
6.219001 0.731400
6.244501 0.731200
6.270001 0.733500
6.295401 0.740900
6.320901 0.761600
6.346401 0.783200
6.371901 0.804900
6.397401 0.825500
6.422901 0.836800
6.448401 0.847700
6.473901 0.854900
6.499401 0.863600
6.524801 0.878100
6.550301 0.896300
6.575801 0.915100
6.601301 0.938700
6.626801 0.963700
6.652301 0.991500
6.677801 1.022100
6.703301 1.058900
6.728801 1.133200
6.754301 1.229400
6.779701 1.230000
6.805201 1.267700
6.830701 1.293700
6.856201 1.288900
6.881701 1.321100
6.907201 1.430600
6.932701 1.159900
6.958201 1.097100
6.983701 1.079600
7.009101 1.072600
7.034601 1.079800
7.060101 1.100600
7.085601 1.161100
7.111101 1.239900
7.136601 1.302500
7.162101 1.349800
7.187601 1.353400
7.213101 1.362600
7.238501 1.397300
7.264001 1.371700
7.289501 1.382800
7.315001 1.393000
7.340501 1.405400
7.366001 1.422100
7.391501 1.464000
7.417001 1.578400
7.442501 1.717400
7.467901 1.922000
7.493401 2.042600
7.518901 2.172600
7.544401 2.278200
7.569901 2.341900
7.595401 2.376100
7.620901 2.431000
7.646401 2.510000
7.671901 2.548100
7.697401 2.520800
7.722801 2.428500
7.748301 2.315800
7.773801 2.259800
7.799301 2.249100
7.824801 2.189900
7.850301 2.212000
7.875801 2.232600
7.901301 2.181600
7.926801 2.144700
7.952201 2.113700
7.977701 2.117900
8.003201 2.077900
8.028701 2.081700
8.054201 2.108800
8.079701 2.267800
8.105201 2.400600
8.130701 2.615500
8.156201 3.113000
8.181601 3.198100
8.207101 3.185400
8.232601 3.194600
8.258101 2.916800
8.283601 2.674600
8.309101 2.496300
8.334601 2.338900
8.360101 2.252600
8.385601 2.178300
8.411101 2.103100
8.436501 2.057500
8.462001 2.016400
8.487501 1.940700
8.513001 1.886100
8.538501 1.843500
8.564001 1.802600
8.589501 1.757600
8.615001 1.714400
8.640501 1.662600
8.665901 1.584400
8.691401 1.562300
8.716901 1.621300
8.742401 1.691900
8.767901 1.776400
8.793401 1.833200
8.818901 1.625000
8.844401 1.675200
8.869901 1.768400
8.895301 1.933200
8.920801 2.175500
8.946301 2.239000
8.971801 2.128200
8.997301 2.080600
9.022801 2.057300
9.048301 2.047600
9.073801 2.049100
9.099301 2.088100
9.124701 2.153800
9.150201 2.284200
9.175701 2.424800
9.201201 2.472000
9.226701 2.463500
9.252201 2.605300
9.277701 2.734100
9.303201 2.649100
9.328701 2.692500
9.354201 2.656800
9.379601 2.546500
9.405101 2.456100
9.430601 2.426400
9.456101 2.437000
9.481601 2.216000
9.507101 2.158300
9.532601 2.527600
9.558101 2.660100
9.583601 2.698100
9.609001 2.731500
9.634501 2.794300
9.660001 2.967200
9.685501 3.020400
9.711001 3.140400
9.736501 3.306800
9.762001 3.067400
9.787501 2.618200
9.813001 2.549900
9.838401 2.748600
9.863901 2.563500
9.889401 2.441500
9.914901 2.431600
9.940401 2.646100
9.965901 2.639300
9.991401 2.440200
10.016901 2.318000
10.042401 2.083400
10.067901 1.817800
10.093301 1.628700
10.118801 1.191500
10.144301 0.963300
10.169801 0.721700
10.195301 0.544600
10.220801 0.479400
10.246301 0.458300
10.271801 0.444000
10.297301 0.430200
10.322701 0.417200
10.348201 0.406200
10.373701 0.403400
10.399201 0.394700
10.424701 0.379400
10.450201 0.368400
10.475701 0.362600
10.501201 0.354600
10.526701 0.345400
10.552101 0.335700
10.577601 0.334600
10.603101 0.337500
10.628601 0.281900
10.654101 0.213300
10.679601 0.138000
10.705101 0.071100
10.730601 0.041200
10.756101 0.025400
10.781601 0.013800
10.807001 0.005800
10.832501 0.001200
10.858001 0.000000
10.883501 0.000000
10.909001 0.000000
10.934501 0.000000
10.960001 0.000000
10.985501 0.000000
11.011001 0.000000
11.036401 0.000000
11.061901 0.000000
11.087401 0.000000
11.112901 0.000000
11.138401 0.000000
11.163901 0.000000
11.189401 0.000000
11.214901 0.000000
11.240401 0.000000
11.265801 0.000000
11.291301 0.000000
11.316801 0.000000
11.342301 0.000000
11.367801 0.000000
11.393301 0.000000
11.418801 0.000000
11.444301 0.000000
11.469801 0.000000
11.495201 0.000000
11.520701 0.000000
11.546201 0.000000
11.571701 0.000000
11.597201 0.000000
11.622701 0.000000
11.648201 0.000000
11.673701 0.000000
11.699201 0.000000
11.724701 0.000000
11.750101 0.000000
11.775601 0.000000
11.801101 0.000000
11.826601 0.000000
11.852101 0.000000
11.877601 0.000000
11.903101 0.000000
11.928601 0.000000
11.954101 0.000000
11.979501 0.000000
12.005001 0.000000
12.030501 0.000000
12.056001 0.000000
12.081501 0.000000
12.107001 0.000000
12.132501 0.000000
12.158001 0.000000
12.183501 0.000000
12.208901 0.000000
12.234401 0.000000
12.259901 0.000000
12.285401 0.000000
12.310901 0.000000
12.336401 0.000000
12.361901 0.000000
12.387401 0.000000
12.412901 0.000000
12.438401 0.000000
12.463801 0.000000
12.489301 0.000000
12.514801 0.000000
12.540301 0.000000
12.565801 0.000000
12.591301 0.000000
12.616801 0.000000
12.642301 0.000000
12.667801 0.000000
12.693201 0.000000
12.718701 0.000000
12.744201 0.000000
12.769701 0.000000
12.795201 0.000000
12.820701 0.000000
12.846201 0.000000
12.871701 0.000000
12.897201 0.000000
12.922601 0.000000
12.948101 0.000000
12.973601 0.000000
12.999101 0.000000
13.024601 0.000000
13.050101 0.000000
13.075601 0.000000
13.101101 0.000000
13.126601 0.000000
13.152101 0.000000
13.177501 0.000000
