Energy(eV) Total_DOS
-13.13764155 0.0
-13.12284155 0.0
-13.10804155 0.0
-13.09324155 0.0
-13.07844155 0.0
-13.06364155 0.0
-13.048841549999999 0.0
-13.034041550000001 0.0
-13.01914155 0.0
-13.00434155 0.0
-12.98954155 0.0
-12.974741550000001 0.0
-12.95994155 0.0
-12.945141549999999 0.0
-12.93034155 0.0
-12.91554155 0.0
-12.90074155 0.0
-12.88584155 0.0
-12.871041550000001 0.0
-12.85624155 0.0
-12.841441549999999 0.0
-12.82664155 0.0
-12.81184155 0.0
-12.79704155 0.0
-12.78224155 0.0
-12.767441550000001 0.0
-12.75254155 0.0
-12.737741549999999 0.0
-12.72294155 0.0
-12.70814155 0.0
-12.69334155 0.0
-12.67854155 0.0
-12.663741550000001 0.0
-12.64894155 0.0
-12.634141549999999 0.0
-12.61924155 0.0
-12.60444155 0.0
-12.58964155 0.0
-12.57484155 0.0
-12.560041550000001 0.0
-12.54524155 0.0
-12.530441549999999 0.0
-12.51564155 0.0
-12.50084155 0.0
-12.48594155 0.0
-12.47114155 0.0
-12.456341550000001 0.0
-12.44154155 0.0
-12.42674155 0.0
-12.41194155 0.0
-12.39714155 0.0
-12.38234155 0.0
-12.367441549999999 0.0
-12.352641550000001 0.0
-12.33784155 0.0
-12.32304155 0.0
-12.30824155 0.0
-12.29344155 0.0
-12.27864155 0.0
-12.26384155 0.0
-12.249041550000001 0.0
-12.23414155 0.0
-12.21934155 0.0
-12.20454155 0.0
-12.18974155 0.0
-12.17494155 0.0
-12.160141549999999 0.0
-12.145341550000001 0.0
-12.13054155 0.0
-12.11574155 0.0
-12.10084155 0.0
-12.086041550000001 0.0
-12.07124155 0.0
-12.056441549999999 0.0
-12.041641550000001 0.0
-12.02684155 0.0
-12.01204155 0.0
-11.99724155 0.0
-11.98244155 0.0
-11.96754155 0.0
-11.952741549999999 0.0
-11.93794155 0.0
-11.92314155 0.0
-11.90834155 0.0
-11.89354155 0.0
-11.87874155 0.0
-11.86394155 0.0
-11.849141549999999 0.0
-11.83424155 0.0
-11.81944155 0.0
-11.80464155 0.0
-11.78984155 0.0214
-11.775041550000001 0.0478
-11.76024155 0.0657
-11.745441549999999 0.0769
-11.73064155 0.0877
-11.71574155 0.1025
-11.70094155 0.1096
-11.68614155 0.115
-11.671341550000001 0.1226
-11.65654155 0.1314
-11.641741549999999 0.1406
-11.62694155 0.147
-11.61214155 0.152
-11.59734155 0.1571
-11.58244155 0.163
-11.567641550000001 0.1692
-11.55284155 0.1752
-11.538041549999999 0.182
-11.52324155 0.1878
-11.50844155 0.1923
-11.49364155 0.1962
-11.47884155 0.2007
-11.464041550000001 0.2054
-11.44914155 0.2101
-11.43434155 0.2153
-11.41954155 0.2208
-11.40474155 0.2264
-11.38994155 0.2308
-11.37514155 0.2343
-11.360341550000001 0.2378
-11.34554155 0.2418
-11.330741549999999 0.2459
-11.31584155 0.2499
-11.30104155 0.2542
-11.28624155 0.2586
-11.27144155 0.263
-11.256641550000001 0.2675
-11.24184155 0.2722
-11.22704155 0.2757
-11.21224155 0.2789
-11.19744155 0.2824
-11.18254155 0.2859
-11.167741549999999 0.2894
-11.152941550000001 0.2929
-11.13814155 0.2966
-11.12334155 0.3005
-11.10854155 0.3044
-11.09374155 0.3084
-11.07894155 0.3125
-11.06414155 0.3167
-11.04924155 0.3203
-11.03444155 0.3233
-11.01964155 0.3263
-11.00484155 0.3295
-10.99004155 0.3327
-10.97524155 0.336
-10.960441549999999 0.3395
-10.945641550000001 0.343
-10.93074155 0.3465
-10.91594155 0.3501
-10.90114155 0.3537
-10.886341550000001 0.3573
-10.87154155 0.3611
-10.856741549999999 0.3649
-10.84194155 0.3684
-10.82714155 0.3714
-10.81234155 0.3744
-10.79744155 0.3775
-10.782641550000001 0.3807
-10.76784155 0.3838
-10.753041549999999 0.3871
-10.73824155 0.3903
-10.72344155 0.3936
-10.70864155 0.3969
-10.69384155 0.4003
-10.67904155 0.4039
-10.66414155 0.4075
-10.649341549999999 0.4112
-10.63454155 0.4149
-10.61974155 0.4187
-10.60494155 0.4219
-10.59014155 0.4248
-10.575341550000001 0.4279
-10.56054155 0.431
-10.545741549999999 0.434
-10.53084155 0.4373
-10.51604155 0.4406
-10.50124155 0.444
-10.48644155 0.4475
-10.471641550000001 0.4509
-10.45684155 0.4544
-10.442041549999999 0.458
-10.42724155 0.4616
-10.41244155 0.4652
-10.39754155 0.4689
-10.38274155 0.4726
-10.367941550000001 0.4763
-10.35314155 0.4799
-10.338341549999999 0.4834
-10.32354155 0.4867
-10.30874155 0.4902
-10.29394155 0.4937
-10.279041549999999 0.4972
-10.264241550000001 0.5007
-10.24944155 0.5044
-10.23464155 0.508
-10.21984155 0.5117
-10.20504155 0.5155
-10.19024155 0.5192
-10.17544155 0.5232
-10.160641550000001 0.5273
-10.14574155 0.5315
-10.13094155 0.5357
-10.11614155 0.54
-10.10134155 0.5444
-10.08654155 0.5489
-10.071741549999999 0.5532
-10.056941550000001 0.5572
-10.04214155 0.5613
-10.02734155 0.5654
-10.01244155 0.5696
-9.99764155 0.5738
-9.98284155 0.5783
-9.968041549999999 0.5831
-9.953241550000001 0.5879
-9.93844155 0.5929
-9.92364155 0.5979
-9.90884155 0.6031
-9.89404155 0.6084
-9.87914155 0.6139
-9.864341549999999 0.6194
-9.84954155 0.6251
-9.83474155 0.631
-9.81994155 0.6371
-9.80514155 0.6433
-9.79034155 0.6496
-9.77554155 0.6567
-9.760741549999999 0.6635
-9.74584155 0.6706
-9.73104155 0.6779
-9.71624155 0.6857
-9.70144155 0.6939
-9.686641550000001 0.7025
-9.67184155 0.7116
-9.657041549999999 0.7212
-9.64224155 0.7318
-9.62734155 0.743
-9.61254155 0.7554
-9.59774155 0.7693
-9.582941550000001 0.7855
-9.56814155 0.8046
-9.553341549999999 0.8302
-9.53854155 0.8595
-9.52374155 0.9245
-9.50894155 0.9111
-9.49404155 0.9074
-9.479241550000001 0.9249
-9.46444155 0.9185
-9.449641549999999 0.9029
-9.43484155 0.8946
-9.42004155 0.8857
-9.40524155 0.8814
-9.39044155 0.8835
-9.375641550000001 0.8772
-9.36074155 0.8704
-9.34594155 0.8668
-9.33114155 0.8615
-9.31634155 0.8546
-9.30154155 0.8478
-9.28674155 0.8414
-9.271941550000001 0.8372
-9.25714155 0.8338
-9.242341549999999 0.8298
-9.22744155 0.8261
-9.21264155 0.8179
-9.19784155 0.8102
-9.18304155 0.8062
-9.16824155 0.8022
-9.15344155 0.7975
-9.13864155 0.7922
-9.12384155 0.7866
-9.10904155 0.7813
-9.09414155 0.7762
-9.07934155 0.7714
-9.06454155 0.7662
-9.04974155 0.7628
-9.03494155 0.7582
-9.02014155 0.7528
-9.00534155 0.7444
-8.99054155 0.737
-8.97574155 0.7324
-8.96084155 0.7276
-8.94604155 0.7231
-8.93124155 0.7185
-8.91644155 0.7135
-8.90164155 0.7075
-8.88684155 0.7016
-8.87204155 0.6956
-8.85724155 0.6908
-8.84234155 0.6865
-8.82754155 0.6825
-8.81274155 0.678
-8.79794155 0.6734
-8.78314155 0.6688
-8.76834155 0.6633
-8.75354155 0.6558
-8.73874155 0.6486
-8.72394155 0.6429
-8.70904155 0.6376
-8.694241550000001 0.6326
-8.67944155 0.6274
-8.66464155 0.6221
-8.64984155 0.6165
-8.63504155 0.6108
-8.62024155 0.605
-8.60544155 0.5997
-8.59064155 0.5951
-8.57574155 0.5904
-8.560941549999999 0.5858
-8.54614155 0.5803
-8.53134155 0.5744
-8.51654155 0.5686
-8.50174155 0.563
-8.486941550000001 0.5574
-8.47214155 0.5509
-8.45734155 0.5435
-8.44244155 0.536
-8.42764155 0.5305
-8.41284155 0.5253
-8.39804155 0.5197
-8.383241550000001 0.5142
-8.36844155 0.5089
-8.353641549999999 0.5037
-8.33884155 0.4982
-8.32404155 0.4918
-8.30914155 0.4853
-8.29434155 0.4783
-8.279541550000001 0.4735
-8.26474155 0.4704
-8.249941549999999 0.4659
-8.23514155 0.4581
-8.22034155 0.4515
-8.20554155 0.4448
-8.19064155 0.4377
-8.17584155 0.4302
-8.16104155 0.4236
-8.14624155 0.4164
-8.13144155 0.4068
-8.11664155 0.3958
-8.10184155 0.3878
-8.08704155 0.3802
-8.072241550000001 0.3727
-8.05734155 0.3689
-8.04254155 0.3626
-8.02774155 0.3558
-8.01294155 0.3486
-7.99814155 0.3409
-7.9833415500000005 0.339
-7.968541549999999 0.3355
-7.95374155 0.3303
-7.93894155 0.46
-7.92404155 0.6601
-7.90924155 0.4368
-7.89444155 0.345
-7.8796415500000005 0.2533
-7.8648415499999995 0.21
-7.85004155 0.1719
-7.83524155 0.1462
-7.82044155 0.1253
-7.80564155 0.1062
-7.79074155 0.0983
-7.775941550000001 0.0809
-7.76114155 0.0964
-7.74634155 0.0
-7.73154155 0.0
-7.71674155 0.0
-7.70194155 0.0
-7.68714155 0.0
-7.6723415500000005 0.0
-7.65744155 0.0
-7.6426415500000004 0.0
-7.627841549999999 0.0
-7.61304155 0.0
-7.59824155 0.0
-7.58344155 0.0
-7.56864155 0.0
-7.55384155 0.0
-7.5389415500000005 0.0
-7.5241415499999995 0.0
-7.50934155 0.2065
-7.49454155 0.2102
-7.47974155 0.2047
-7.46494155 0.2351
-7.45014155 0.2386
-7.43534155 0.2636
-7.42054155 0.3052
-7.40564155 0.4044
-7.39084155 0.2693
-7.37604155 0.2744
-7.36124155 0.2796
-7.34644155 0.2848
-7.3316415500000005 0.2885
-7.31684155 0.2936
-7.30204155 0.3012
-7.28724155 0.3088
-7.27234155 0.3164
-7.25754155 0.324
-7.24274155 0.3314
-7.22794155 0.3392
-7.21314155 0.3494
-7.19834155 0.361
-7.18354155 0.3728
-7.16874155 0.3845
-7.15394155 0.395
-7.13904155 0.405
-7.12424155 0.414
-7.10944155 0.4246
-7.09464155 0.4353
-7.07984155 0.4496
-7.06504155 0.4581
-7.05024155 0.4659
-7.03544155 0.4734
-7.020641550000001 0.4826
-7.00574155 0.4917
-6.9909415500000005 0.5005
-6.97614155 0.5093
-6.96134155 0.5195
-6.94654155 0.5309
-6.93174155 0.5445
-6.91694155 0.5587
-6.90214155 0.5736
-6.88734155 0.5887
-6.87244155 0.6034
-6.85764155 0.6172
-6.84284155 0.6592
-6.82804155 0.7705
-6.81324155 0.8745
-6.79844155 0.967
-6.7836415500000005 1.0481
-6.76884155 1.1316
-6.75394155 1.2197
-6.73914155 1.3231
-6.72434155 1.4823
-6.70954155 1.6426
-6.69474155 2.2309
-6.679941550000001 2.1164
-6.6651415499999995 1.8239
-6.65034155 1.6007
-6.63554155 1.4306
-6.62064155 1.3409
-6.60584155 1.2698
-6.59104155 1.2069
-6.57624155 1.1521
-6.56144155 1.1051
-6.54664155 1.0662
-6.53184155 1.0331
-6.51704155 1.0044
-6.50224155 0.9778
-6.48734155 0.9528
-6.47254155 0.9294
-6.45774155 0.9074
-6.4429415500000005 0.8871
-6.42814155 0.8685
-6.41334155 0.851
-6.39854155 0.8345
-6.38374155 0.8191
-6.36894155 0.8044
-6.35404155 0.7902
-6.33924155 0.7765
-6.32444155 0.7641
-6.30964155 0.7521
-6.29484155 0.7406
-6.28004155 0.7294
-6.26524155 0.7186
-6.25044155 0.7081
-6.23564155 0.698
-6.22074155 0.6883
-6.20594155 0.6789
-6.19114155 0.6697
-6.17634155 0.6608
-6.16154155 0.6521
-6.14674155 0.6437
-6.1319415500000005 0.6354
-6.11714155 0.6278
-6.1022415500000005 0.6203
-6.08744155 0.613
-6.07264155 0.6059
-6.05784155 0.599
-6.04304155 0.5923
-6.02824155 0.5858
-6.01344155 0.5793
-5.99864155 0.5729
-5.98384155 0.5666
-5.96894155 0.5605
-5.95414155 0.5544
-5.93934155 0.5485
-5.92454155 0.5426
-5.90974155 0.537
-5.89494155 0.5317
-5.88014155 0.5264
-5.86534155 0.5212
-5.85054155 0.5161
-5.83564155 0.511
-5.82084155 0.506
-5.80604155 0.501
-5.79124155 0.4961
-5.77644155 0.4913
-5.76164155 0.4865
-5.74684155 0.4819
-5.73204155 0.4772
-5.71724155 0.4726
-5.70234155 0.468
-5.68754155 0.4634
-5.6727415500000005 0.4592
-5.65794155 0.4551
-5.64314155 0.451
-5.62834155 0.4469
-5.61354155 0.443
-5.59874155 0.4391
-5.5839415500000005 0.4352
-5.56904155 0.4313
-5.55424155 0.4275
-5.53944155 0.4238
-5.52464155 0.42
-5.50984155 0.4163
-5.49504155 0.4126
-5.48024155 0.409
-5.46544155 0.4054
-5.45054155 0.4018
-5.43574155 0.3983
-5.42094155 0.3951
-5.40614155 0.3918
-5.39134155 0.3886
-5.37654155 0.3853
-5.36174155 0.3821
-5.34694155 0.3789
-5.33214155 0.3757
-5.31724155 0.3726
-5.30244155 0.3694
-5.28764155 0.3663
-5.27284155 0.3632
-5.25804155 0.3601
-5.2432415500000005 0.3571
-5.22844155 0.3541
-5.21364155 0.3511
-5.19884155 0.3481
-5.18394155 0.3451
-5.16914155 0.3423
-5.15434155 0.3396
-5.13954155 0.3369
-5.12474155 0.3342
-5.10994155 0.3315
-5.09514155 0.3289
-5.08034155 0.3263
-5.06554155 0.3237
-5.05064155 0.3211
-5.03584155 0.3185
-5.02104155 0.3159
-5.00624155 0.3134
-4.99144155 0.3108
-4.97664155 0.3083
-4.96184155 0.3058
-4.94704155 0.3033
-4.9322415500000005 0.3009
-4.91734155 0.2983
-4.9025415500000005 0.2961
-4.88774155 0.2938
-4.87294155 0.2915
-4.85814155 0.2893
-4.84334155 0.287
-4.82854155 0.2848
-4.81374155 0.2825
-4.79884155 0.2803
-4.78404155 0.278
-4.76924155 0.2758
-4.75444155 0.2736
-4.73964155 0.2714
-4.72484155 0.2692
-4.71004155 0.2671
-4.69524155 0.2649
-4.68044155 0.2628
-4.66554155 0.2607
-4.65074155 0.2586
-4.63594155 0.2564
-4.62114155 0.2544
-4.60634155 0.2525
-4.5915415500000005 0.2506
-4.5767415499999995 0.2487
-4.56194155 0.2468
-4.54714155 0.2449
-4.53224155 0.243
-4.51744155 0.2411
-4.50264155 0.2392
-4.48784155 0.2374
-4.47304155 0.2355
-4.45824155 0.2337
-4.44344155 0.2318
-4.42864155 0.23
-4.41384155 0.2281
-4.39894155 0.2263
-4.38414155 0.2245
-4.36934155 0.2227
-4.35454155 0.2209
-4.33974155 0.219
-4.32494155 0.2174
-4.31014155 0.2157
-4.29534155 0.2141
-4.280541550000001 0.2967
-4.26564155 0.4153
-4.2508415500000005 0.46
-4.2360415499999995 0.5053
-4.22124155 0.5457
-4.20644155 0.6086
-4.19164155 0.6436
-4.17684155 0.7026
-4.16204155 0.7479
-4.14724155 0.7677
-4.13234155 0.8053
-4.11754155 0.8445
-4.10274155 0.8873
-4.08794155 0.9299
-4.07314155 0.976
-4.05834155 1.0301
-4.0435415500000005 1.1223
-4.02874155 1.2016
-4.01384155 1.3222
-3.9990415500000003 1.3572
-3.98424155 1.3169
-3.96944155 1.2931
-3.95464155 1.2648
-3.93984155 1.2533
-3.92504155 1.2435
-3.9102415500000003 1.2247
-3.89544155 1.2078
-3.8805415500000002 1.1948
-3.86574155 1.1896
-3.85094155 1.179
-3.83614155 1.1635
-3.82134155 1.1493
-3.80654155 1.1307
-3.7917415500000002 1.1243
-3.77694155 1.1132
-3.76214155 1.0978
-3.74724155 1.0835
-3.73244155 1.0697
-3.7176415499999997 1.057
-3.70284155 1.0503
-3.6880415500000003 1.0441
-3.67324155 1.0383
-3.65844155 1.0326
-3.64364155 1.0269
-3.6288415499999997 1.0205
-3.61394155 1.0135
-3.59914155 1.0017
-3.58434155 1.0346
-3.56954155 1.0381
-3.55474155 1.0426
-3.53994155 1.0356
-3.52514155 1.0378
-3.51034155 1.0406
-3.49554155 1.0434
-3.48064155 1.0466
-3.46584155 1.05
-3.4510415500000002 1.0491
-3.43624155 1.0501
-3.42144155 1.0534
-3.4066415500000002 1.0564
-3.39184155 1.0575
-3.37704155 1.0591
-3.36214155 1.0615
-3.34734155 1.0639
-3.33254155 1.0691
-3.31774155 1.0727
-3.30294155 1.0766
-3.28814155 1.0808
-3.27334155 1.0849
-3.25854155 1.089
-3.24374155 1.0945
-3.22884155 1.101
-3.21404155 1.1079
-3.19924155 1.1153
-3.18444155 1.123
-3.16964155 1.1282
-3.15484155 1.1325
-3.14004155 1.1368
-3.12524155 1.1411
-3.11044155 1.1481
-3.09554155 1.156
-3.08074155 1.1628
-3.0659415500000002 1.169
-3.05114155 1.1759
-3.03634155 1.1845
-3.0215415500000002 1.1946
-3.00674155 1.205
-2.99194155 1.2166
-2.9771415500000002 1.2274
-2.96224155 1.2387
-2.94744155 1.2504
-2.93264155 1.2681
-2.91784155 1.2821
-2.90304155 1.2945
-2.88824155 1.3127
-2.87344155 1.3313
-2.85864155 1.3504
-2.84384155 1.3684
-2.82894155 1.3886
-2.81414155 1.4179
-2.79934155 1.4868
-2.78454155 1.552
-2.76974155 1.593
-2.75494155 1.5796
-2.74014155 1.5612
-2.72534155 1.579
-2.71044155 1.5643
-2.69564155 1.5465
-2.6808415500000002 1.5456
-2.66604155 1.5416
-2.65124155 1.5378
-2.6364415500000002 1.5617
-2.62164155 1.5401
-2.60684155 1.5267
-2.5920415500000002 1.5232
-2.57714155 1.5203
-2.56234155 1.5135
-2.54754155 1.5063
-2.53274155 1.4934
-2.51794155 1.4885
-2.50314155 1.4956
-2.48834155 1.5096
-2.47354155 1.4924
-2.45874155 1.4869
-2.44384155 1.486
-2.42904155 1.4812
-2.41424155 1.4677
-2.39944155 1.4603
-2.38464155 1.456
-2.36984155 1.4525
-2.35504155 1.4476
-2.34024155 1.4446
-2.32544155 1.4443
-2.31054155 1.4485
-2.2957415500000002 1.4381
-2.28094155 1.4313
-2.26614155 1.4259
-2.2513415500000002 1.4253
-2.23654155 1.4232
-2.22174155 1.4187
-2.2069415500000003 1.4129
-2.19214155 1.4066
-2.17724155 1.3995
-2.16244155 1.392
-2.14764155 1.3868
-2.13284155 1.3834
-2.11804155 1.3821
-2.10324155 1.3814
-2.08844155 1.3793
-2.07364155 1.3793
-2.05884155 1.3765
-2.04394155 1.3715
-2.02914155 1.366
-2.01434155 1.3601
-1.99954155 1.3542
-1.9847415499999999 1.3479
-1.9699415500000002 1.3417
-1.95514155 1.3357
-1.9403415499999999 1.3295
-1.92544155 1.3246
-1.9106415500000002 1.3221
-1.89584155 1.3224
-1.88104155 1.3229
-1.8662415500000002 1.3218
-1.85144155 1.317
-1.83664155 1.3144
-1.8218415500000003 1.3102
-1.80704155 1.3053
-1.7921415500000002 1.3002
-1.77734155 1.2953
-1.76254155 1.2904
-1.7477415500000002 1.2867
-1.73294155 1.2828
-1.71814155 1.2783
-1.7033415500000002 1.2731
-1.68854155 1.2671
-1.67374155 1.2621
-1.65884155 1.2578
-1.6440415499999999 1.2542
-1.6292415500000001 1.2513
-1.61444155 1.2497
-1.5996415500000003 1.2511
-1.5848415500000002 1.2493
-1.57004155 1.2508
-1.5552415499999999 1.2476
-1.5404415499999997 1.2439
-1.5255415499999998 1.2392
-1.5107415499999997 1.2344
-1.4959415500000004 1.2287
-1.4811415500000003 1.2245
-1.46634155 1.2217
-1.45154155 1.2183
-1.4367415499999998 1.2138
-1.4219415499999997 1.2082
-1.4071415500000004 1.2032
-1.3922415499999996 1.1996
-1.3774415500000003 1.1951
-1.3626415500000002 1.1919
-1.34784155 1.1979
-1.33304155 1.1975
-1.3182415499999998 1.1921
-1.3034415499999996 1.1929
-1.2886415500000004 1.1898
-1.2737415500000004 1.1903
-1.2589415500000003 1.187
-1.2441415500000002 1.1848
-1.22934155 1.1752
-1.2145415499999999 1.1683
-1.1997415499999997 1.1538
-1.1849415500000005 1.1185
-1.1701415500000003 1.0771
-1.1553415500000002 1.0182
-1.1404415500000002 0.9507
-1.12564155 0.9239
-1.11084155 0.8993
-1.0960415499999998 0.8768
-1.0812415499999997 0.862
-1.0664415500000004 0.8473
-1.0516415500000003 0.8052
-1.0368415500000001 0.7798
-1.02204155 0.7557
-1.00714155 0.7325
-0.9923415499999999 0.7154
-0.9775415499999998 0.6981
-0.9627415499999996 0.6799
-0.9479415500000004 0.6663
-0.9331415500000002 0.6793
-0.9183415500000001 0.6424
-0.9035415499999999 0.6279
-0.8887415499999998 0.6174
-0.8738415499999999 0.6073
-0.8590415499999997 0.5967
-0.8442415500000005 0.584
-0.8294415500000003 0.5734
-0.8146415500000002 0.5603
-0.79984155 0.5433
-0.7850415499999999 0.5296
-0.7702415499999997 0.5159
-0.7554415500000005 0.5091
-0.7405415499999997 0.496
-0.7257415500000004 0.484
-0.7109415500000003 0.4728
-0.6961415500000001 0.4625
-0.68134155 0.4544
-0.6665415499999998 0.4465
-0.6517415499999997 0.4379
-0.6369415500000004 0.4323
-0.6220415499999996 0.4276
-0.6072415500000004 0.4181
-0.5924415500000002 0.401
-0.5776415500000001 0.3901
-0.5628415499999999 0.3886
-0.5480415499999998 0.3711
-0.5332415499999996 0.3619
-0.5184415500000004 0.3531
-0.5036415500000002 0.3438
-0.4887415500000003 0.335
-0.47394155000000016 0.3277
-0.45914155 0.3251
-0.44434154999999986 0.3198
-0.4295415499999997 0.3133
-0.41474155000000046 0.305
-0.3999415500000003 0.2861
-0.38514155000000017 0.2773
-0.37034155 0.2691
-0.3554415500000001 0.2849
-0.34064154999999996 0.2574
-0.3258415499999998 0.2527
-0.31104154999999967 0.2449
-0.2962415500000004 0.2369
-0.28144155000000026 0.2338
-0.2666415500000001 0.2136
-0.25184154999999997 0.2043
-0.23704154999999982 0.1955
-0.2221415499999999 0.1872
-0.20734154999999976 0.1786
-0.19254154999999962 0.1717
-0.17774155000000036 0.1651
-0.1629415500000002 0.1728
-0.14814155000000007 0.1525
-0.13334154999999992 0.1406
-0.11854154999999977 0.1284
-0.10374154999999963 0.129
-0.08884154999999971 0.0994
-0.07404155000000046 0.0783
-0.05924155000000031 0.0671
-0.04444155000000016 0.0897
-0.029641550000000016 0.0552
-0.01484154999999987 0.028
-4.154999999972375e-05 0.0
0.014758449999999534 0.0
0.02955844999999968 0.0
0.044458449999999594 0.0
0.05925844999999974 0.0
0.07405844999999989 0.0
0.08885845000000003 0.0
0.10365845000000018 0.0
0.11845845000000033 0.0
0.13325844999999958 0.0
0.14805844999999973 0.0
0.16295844999999964 0.0
0.1777584499999998 0.0
0.19255844999999994 0.0
0.20735845000000008 0.0
0.22215845000000023 0.0
0.23695845000000038 0.0
0.25175844999999963 0.0
0.2665584499999998 0.0
0.2813584499999999 0.0
0.29625844999999984 0.0
0.31105845 0.0
0.32585845000000013 0.0
0.3406584500000003 0.0
0.35545844999999954 0.0
0.3702584499999997 0.0
0.38505844999999983 0.0
0.39985845 0.0
0.4146584500000001 0.0
0.42955845000000004 0.0
0.4443584500000002 0.0
0.45915845000000033 0.0
0.4739584499999996 0.0
0.48875844999999973 0.0
0.5035584499999999 0.0
0.51835845 0.0
0.5331584500000002 0.0
0.5479584500000003 0.0
0.5628584500000002 0.0
0.5776584500000004 0.0
0.5924584499999996 0.0
0.6072584499999998 0.0
0.6220584499999999 0.0
0.6368584500000001 0.0
0.6516584500000002 0.0
0.6664584500000004 0.1446
0.6812584499999996 0.0661
0.6961584499999995 0.0745
0.7109584499999997 0.0838
0.7257584499999998 0.0994
0.74055845 0.1164
0.7553584500000001 0.1352
0.7701584500000003 0.1501
0.7849584499999995 0.1669
0.7997584499999997 0.1842
0.8146584499999996 0.2221
0.8294584499999997 0.2419
0.8442584499999999 0.2328
0.85905845 0.2088
0.8738584500000002 0.2289
0.8886584500000003 0.2423
0.9034584499999996 0.256
0.9182584499999997 0.2699
0.9330584499999999 0.3093
0.9479584499999998 0.3134
0.9627584499999999 0.3183
0.9775584500000001 0.3304
0.9923584500000002 0.3382
1.0071584500000004 0.3478
1.0219584499999996 0.3591
1.0367584499999998 0.371
1.05155845 0.3771
1.06635845 0.3951
1.08125845 0.3986
1.0960584500000001 0.3994
1.1108584500000003 0.4076
1.1256584499999995 0.4157
1.1404584499999997 0.4227
1.1552584499999998 0.4301
1.17005845 0.4386
1.1848584500000001 0.4476
1.1996584500000003 0.4572
1.2145584500000002 0.4675
1.2293584500000003 0.4911
1.2441584499999996 0.4989
1.2589584499999997 0.5014
1.2737584499999999 0.5066
1.28855845 0.5141
1.3033584500000002 0.5218
1.3181584500000003 0.5291
1.3329584499999996 0.5361
1.3478584500000004 0.5433
1.3626584499999996 0.5519
1.3774584499999998 0.5603
1.39225845 0.5691
1.40705845 0.5755
1.4218584500000002 0.5831
1.4366584500000004 0.6005
1.4514584499999996 0.6103
1.4663584499999995 0.6156
1.4811584499999997 0.6188
1.4959584499999998 0.6255
1.51075845 0.6365
1.5255584500000001 0.6502
1.5403584500000003 0.6668
1.5551584499999995 0.6887
1.5699584499999997 0.7065
1.5847584499999998 0.7391
1.5996584499999997 0.736
1.6144584499999999 0.7504
1.62925845 0.7647
1.6440584500000002 0.7832
1.6588584500000003 0.8108
1.6736584499999996 0.8261
1.6884584499999997 0.8381
1.7032584499999999 0.8521
1.71805845 0.863
1.73295845 0.8732
1.74775845 0.8842
1.7625584500000002 0.8983
1.7773584500000004 0.9167
1.7921584499999996 0.9354
1.8069584499999998 0.9441
1.82175845 0.957
1.83655845 0.9709
1.8513584500000002 0.9857
1.8662584500000001 1.0005
1.8810584500000003 1.0169
1.8958584499999995 1.0342
1.9106584499999997 1.0518
1.9254584499999998 1.0717
1.94025845 1.0935
1.9550584500000001 1.1209
1.9698584500000003 1.1425
1.9846584500000004 1.154
1.9995584500000003 1.1709
2.0143584499999996 1.1902
2.0291584499999997 1.211
2.04395845 1.2344
2.05875845 1.2598
2.07355845 1.2876
2.0883584500000003 1.317
2.1031584499999996 1.3482
2.1179584499999997 1.3822
2.1328584499999996 1.4203
2.1476584499999998 1.4669
2.16245845 1.5816
2.17725845 1.6288
2.19205845 1.6722
2.2068584500000004 1.7037
2.2216584499999996 1.7041
2.2364584499999998 1.661
2.2513584499999997 1.672
2.26615845 1.6835
2.28095845 1.6711
2.29575845 1.6649
2.3105584500000003 1.6795
2.3253584499999995 1.7017
2.3401584499999997 1.672
2.35495845 1.6582
2.36975845 1.6423
2.38465845 1.6263
2.39945845 1.6188
2.4142584499999993 1.6132
2.4290584500000003 1.616
2.4438584499999996 1.6124
2.4586584500000006 1.5642
2.47345845 1.5525
2.488258449999999 1.5482
2.50305845 1.5348
2.517958449999999 1.548
2.53275845 1.5103
2.5475584499999995 1.5417
2.5623584500000005 1.4968
2.5771584499999998 1.4344
2.591958450000001 1.3965
2.60675845 1.3659
2.6215584499999993 1.3329
2.6363584500000004 1.3037
2.6512584499999994 1.2778
2.6660584500000004 1.2757
2.6808584499999997 1.2649
2.6956584500000007 1.2501
2.71045845 1.2167
2.725258449999999 1.2041
2.7400584500000003 1.2201
2.7548584499999995 1.2166
2.7696584500000005 1.236
2.7845584499999996 1.2215
2.7993584500000006 1.2124
2.81415845 1.1789
2.828958449999999 1.162
2.84375845 1.152
2.8585584499999994 1.143
2.8733584500000005 1.1607
2.8881584499999997 1.141
2.9030584500000005 1.1322
2.9178584499999998 1.1192
2.932658450000001 1.1149
2.94745845 1.1496
2.9622584499999993 1.1443
2.9770584500000004 1.111
2.9918584499999996 1.0958
3.0066584500000006 1.1148
3.02145845 1.0491
3.0363584500000007 1.0108
3.05115845 0.9899
3.0659584499999992 0.961
3.0807584500000003 0.9419
3.0955584499999995 0.9251
3.1103584500000006 0.9118
3.12515845 0.9587
3.139958450000001 0.9535
3.15475845 0.9585
3.169658449999999 0.9945
3.18445845 1.023
3.1992584499999994 1.062
3.2140584500000005 1.1182
3.2288584499999997 1.2113
3.2436584500000007 1.3703
3.25845845 1.5683
3.2732584499999993 1.9361
3.2880584500000003 2.2031
3.3029584499999993 2.4049
3.3177584500000004 2.5764
3.3325584499999996 2.6058
3.3473584500000007 2.5879
3.36215845 2.5208
3.376958449999999 2.4467
3.39175845 2.3851
3.4065584499999995 2.2878
3.4213584500000005 2.1807
3.4362584499999995 2.0861
3.4510584500000006 2.0112
3.46585845 1.9291
3.480658450000001 1.8563
3.49545845 1.7923
3.5102584499999994 1.7457
3.5250584500000004 1.7187
3.5398584499999997 1.7047
3.5547584500000005 1.7015
3.5695584499999997 1.7619
3.5843584500000008 1.7144
3.59915845 1.7425
3.6139584499999993 1.7302
3.6287584500000003 1.7348
3.6435584499999996 1.7556
3.6583584500000006 1.7742
3.67315845 1.8013
3.6880584500000007 1.8201
3.70285845 1.8432
3.717658449999999 1.8668
3.73245845 1.8931
3.7472584499999995 1.9005
3.7620584500000005 1.9065
3.7768584499999998 1.8561
3.791658450000001 1.8273
3.80645845 1.792
3.821358450000001 1.7464
3.83615845 1.709
3.8509584499999994 1.6681
3.8657584500000004 1.6013
3.8805584499999997 1.5319
3.8953584500000007 1.4953
3.91015845 1.465
3.924958449999999 1.4574
3.9397584500000002 1.4255
3.9546584499999993 1.4148
3.9694584500000003 1.3517
3.9842584499999996 1.3206
3.9990584500000006 1.3004
4.01385845 1.2826
4.028658449999999 1.2643
4.04345845 1.2315
4.058258449999999 1.2133
4.07305845 1.2016
4.0879584499999995 1.1668
4.1027584500000005 1.1442
4.11755845 1.1303
4.132358450000001 1.1197
4.14715845 1.1139
4.161958449999999 1.1115
4.17675845 1.1113
4.19155845 1.1142
4.20645845 1.1185
4.22125845 1.1237
4.236058450000001 1.1308
4.25085845 1.1426
4.265658449999999 1.158
4.28045845 1.1706
4.2952584499999995 1.1648
4.3100584500000005 1.1727
4.32485845 1.1698
4.339758450000001 1.1756
4.35455845 1.1789
4.369358449999999 1.2059
4.38415845 1.2282
4.398958449999999 1.2523
4.41375845 1.2548
4.42855845 1.278
4.443358450000001 1.311
4.45815845 1.3437
4.473058450000001 1.3754
4.48785845 1.406
4.502658449999999 1.4336
4.51745845 1.4671
4.53225845 1.4802
4.547058450000001 1.4536
4.56185845 1.4331
4.576658449999999 1.4072
4.59145845 1.3704
4.606358449999999 1.3375
4.62115845 1.3124
4.6359584499999995 1.2904
4.6507584500000005 1.2695
4.66555845 1.2442
4.680358450000001 1.24
4.69515845 1.245
4.709958449999999 1.2442
4.72475845 1.2386
4.739658449999999 1.2444
4.7544584500000004 1.2668
4.76925845 1.2865
4.784058450000001 1.2959
4.79885845 1.2999
4.813658449999999 1.3048
4.82845845 1.3083
4.8432584499999995 1.303
4.858058450000001 1.2834
4.87295845 1.2587
4.887758450000001 1.2483
4.90255845 1.2408
4.917358449999999 1.231
4.93215845 1.2247
4.9469584499999995 1.2188
4.9617584500000005 1.2169
4.97655845 1.2173
4.9914584500000005 1.2343
5.00625845 1.2146
5.021058450000001 1.2151
5.03585845 1.2173
5.050658449999999 1.2186
5.06545845 1.2458
5.08025845 1.2502
5.095058450000001 1.2364
5.10985845 1.2358
5.124758450000001 1.2238
5.13955845 1.2229
5.154358449999999 1.2239
5.16915845 1.2249
5.1839584499999996 1.2249
5.198758450000001 1.2163
5.21355845 1.2088
5.228358449999999 1.2033
5.24315845 1.196
5.258058449999999 1.1835
5.27285845 1.1994
5.2876584499999995 1.173
5.3024584500000005 1.1864
5.31725845 1.1855
5.332058450000001 1.1864
5.34685845 1.1885
5.361658449999999 1.19
5.37645845 1.1855
5.391358449999999 1.1787
5.40615845 1.1782
5.42095845 1.1848
5.435758450000001 1.1999
5.45055845 1.1998
5.465358449999999 1.1938
5.48015845 1.1933
5.4949584499999995 1.193
5.5097584500000005 1.1913
5.5246584499999996 1.1914
5.539458450000001 1.1694
5.55425845 1.1665
5.569058449999999 1.1622
5.58385845 1.1594
5.598658449999999 1.1512
5.61345845 1.1433
5.62825845 1.1361
5.6431584500000005 1.1283
5.65795845 1.117
5.672758450000001 1.1054
5.68755845 1.0961
5.702358449999999 1.0892
5.71715845 1.0839
5.73195845 1.0793
5.746758450000001 1.0757
5.76155845 1.0751
5.776458450000001 1.0899
5.79125845 1.0824
5.806058449999999 1.0829
5.82085845 1.082
5.8356584499999995 1.0753
5.8504584500000005 1.0733
5.86525845 1.0694
5.880058450000001 1.0665
5.89485845 1.0623
5.909758449999999 1.0605
5.92455845 1.0609
5.939358449999999 1.0502
5.95415845 1.0465
5.96895845 1.0406
5.983758450000001 1.0363
5.99855845 1.0331
6.013358449999999 1.0308
6.02815845 1.0274
6.043058449999999 1.0209
6.05785845 1.0147
6.07265845 1.0131
6.087458450000001 1.0126
6.10225845 1.0131
6.117058449999999 1.0131
6.13185845 1.013
6.146658449999999 1.0126
6.1614584500000005 1.0118
6.1763584499999995 1.01
6.1911584500000005 1.0149
6.20595845 1.0156
6.220758450000001 1.0185
6.23555845 1.0216
6.250358449999999 1.0232
6.26515845 1.0183
6.27995845 1.0085
6.29485845 1.0042
6.30965845 1.0001
6.324458450000001 0.9958
6.33925845 0.9912
6.354058449999999 0.9859
6.36885845 0.9781
6.3836584499999995 0.9811
6.398458450000001 1.0045
6.41325845 0.9987
6.428158450000001 1.0078
6.44295845 1.0183
6.457758449999999 1.0303
6.47255845 1.061
6.487358449999999 1.0867
6.5021584500000005 1.1147
6.51695845 1.1332
6.531758450000001 1.1612
6.54655845 1.1947
6.561458450000001 1.2366
6.57625845 1.2789
6.591058449999999 1.3261
6.60585845 1.3903
6.62065845 1.4427
6.635458450000001 1.4464
6.65025845 1.4553
6.665058449999999 1.4557
6.67985845 1.4512
6.694758449999999 1.435
6.70955845 1.4222
6.7243584499999995 1.4022
6.739158450000001 1.3776
6.75395845 1.3543
6.768758449999999 1.3377
6.78355845 1.3272
6.798358449999999 1.3075
6.81315845 1.2903
6.8280584499999994 1.2723
6.8428584500000005 1.2568
6.85765845 1.2418
6.872458450000001 1.2303
6.88725845 1.2197
6.902058449999999 1.1915
6.91685845 1.1601
6.93165845 1.1418
6.946458450000001 1.1256
6.96135845 1.1101
6.976158450000001 1.0976
6.99095845 1.0867
7.005758449999999 1.0756
7.02055845 1.0662
7.0353584499999995 1.0597
7.0501584500000005 1.0557
7.06495845 1.0542
7.079858450000001 1.0545
7.09465845 1.0577
7.109458449999999 1.0643
7.12425845 1.0732
7.139058449999999 1.0807
7.15385845 1.0871
7.16865845 1.0908
7.183458450000001 1.1015
7.19825845 1.1133
7.213158450000001 1.1313
7.22795845 1.1353
7.242758449999999 1.1388
7.25755845 1.1419
7.27235845 1.1321
7.287158450000001 1.1442
7.30195845 1.1378
7.316758449999999 1.158
7.33155845 1.1695
7.346458449999999 1.1611
7.36125845 1.1463
7.3760584499999995 1.146
7.3908584500000005 1.1474
7.40565845 1.1499
7.420458450000001 1.1541
7.43525845 1.1698
7.450058449999999 1.1904
7.46485845 1.1869
7.479758449999999 1.1787
7.49455845 1.184
7.50935845 1.2018
7.524158450000001 1.2154
7.53895845 1.2275
7.553758449999999 1.2399
7.56855845 1.2568
7.5833584499999995 1.2814
7.598158450000001 1.3019
7.61305845 1.2905
7.627858450000001 1.2964
7.64265845 1.3159
7.657458449999999 1.3366
7.67225845 1.3219
7.687058449999999 1.3298
7.7018584500000005 1.3502
7.71665845 1.3538
7.7315584500000005 1.3287
7.74635845 1.3638
7.761158450000001 1.4013
7.77595845 1.4415
7.790758449999999 1.5257
7.80555845 1.4615
7.82035845 1.3974
7.835158450000001 1.3719
7.84995845 1.3588
7.864858450000001 1.3508
7.87965845 1.3526
7.894458449999999 1.3482
7.90925845 1.3308
7.9240584499999995 1.318
7.938858450000001 1.3188
7.95365845 1.3098
7.968458449999999 1.3011
7.98325845 1.3202
7.998158449999999 1.2725
8.01295845 1.2532
8.02775845 1.2283
8.042558450000001 1.1983
8.057358449999999 1.1779
8.07215845 1.1636
8.086958450000001 1.153
8.101758449999998 1.1433
8.11655845 1.1372
8.13145845 1.1291
8.146258450000001 1.1184
8.161058449999999 1.1193
8.17585845 1.1221
8.19065845 1.1226
8.205458449999998 1.125
8.22025845 1.1269
8.23505845 1.1287
8.249858450000001 1.1304
8.264758449999999 1.1315
8.27955845 1.1325
8.29435845 1.1352
8.309158449999998 1.1408
8.32395845 1.1488
8.33875845 1.1552
8.353558450000001 1.1611
8.368358449999999 1.1644
8.38325845 1.1585
8.39805845 1.1601
8.412858450000002 1.167
8.42765845 1.1716
8.44245845 1.1728
8.457258450000001 1.1746
8.472058449999999 1.1781
8.48685845 1.1806
8.50165845 1.1876
8.516558450000002 1.1871
8.531358449999999 1.1896
8.54615845 1.1932
8.560958450000001 1.2041
8.575758449999999 1.1974
8.59055845 1.2011
8.60535845 1.2045
8.620158450000002 1.208
8.63495845 1.2119
8.64985845 1.2152
8.664658450000001 1.2182
8.679458449999998 1.224
8.69425845 1.2338
8.70905845 1.2436
8.723858450000002 1.2569
8.738658449999999 1.2653
8.75345845 1.2702
8.768258450000001 1.279
8.783158449999998 1.2822
8.79795845 1.2835
8.81275845 1.2859
8.827558450000001 1.289
8.842358449999999 1.2964
8.85715845 1.3073
8.871958450000001 1.3226
8.886758449999999 1.3341
8.90155845 1.3369
8.91645845 1.3388
8.931258450000001 1.3388
8.946058449999999 1.3344
8.96085845 1.3394
8.975658450000001 1.3451
8.990458449999998 1.3361
9.00525845 1.3299
9.02005845 1.3285
9.034858450000002 1.3316
9.049758449999999 1.3365
9.06455845 1.3426
9.07935845 1.3553
9.094158449999998 1.3771
9.10895845 1.38
9.12375845 1.3761
9.138558450000001 1.3806
9.153358449999999 1.4059
9.16825845 1.3943
9.18305845 1.4046
9.197858449999998 1.4204
9.21265845 1.4728
9.22745845 1.4357
9.242258450000001 1.4262
9.257058449999999 1.4238
9.27185845 1.4193
9.286658450000001 1.4189
9.301558450000002 1.4184
9.31635845 1.4175
9.33115845 1.4186
9.345958450000001 1.4253
9.360758449999999 1.4211
9.37555845 1.4138
9.39035845 1.4078
9.405158449999998 1.4035
9.41995845 1.4038
9.43485845 1.4013
9.449658450000001 1.3976
9.464458449999999 1.3944
9.47925845 1.3894
9.49405845 1.3862
9.508858450000002 1.3828
9.52365845 1.3802
9.53845845 1.3777
9.553258450000001 1.3751
9.568158449999999 1.3722
9.58295845 1.3689
9.59775845 1.3663
9.612558450000002 1.3643
9.62735845 1.3626
9.64215845 1.3606
9.656958450000001 1.3584
9.671758449999999 1.3565
9.68655845 1.3551
9.70145845 1.3545
9.716258450000002 1.3633
9.731058449999999 1.3643
9.74585845 1.3722
9.760658450000001 1.3723
9.775458449999999 1.3724
9.79025845 1.372
9.80505845 1.371
9.819958450000001 1.3661
9.834758449999999 1.3561
9.84955845 1.3661
9.864358450000001 1.3507
9.879158449999998 1.3506
9.89395845 1.3498
9.90875845 1.3493
9.923558450000002 1.3478
9.938358449999999 1.3458
9.95325845 1.3429
9.968058450000001 1.34
9.982858449999998 1.3394
9.99765845 1.338
10.01245845 1.337
10.027258450000001 1.336
10.042058449999999 1.3443
10.05685845 1.3363
10.071658450000001 1.3363
10.086558449999998 1.336
10.10135845 1.3861
10.11615845 1.3275
10.130958450000001 1.3157
10.145758449999999 1.3044
10.16055845 1.2818
10.175358450000001 1.2804
10.190158449999998 1.2791
10.20495845 1.2773
10.21985845 1.2709
10.234658450000001 1.2639
10.249458449999999 1.2516
10.26425845 1.2487
10.27905845 1.2469
10.293858449999998 1.2454
10.30865845 1.2399
10.32345845 1.239
10.338258450000001 1.2366
10.353158449999999 1.2344
10.36795845 1.2413
10.38275845 1.2359
10.397558449999998 1.2357
10.41235845 1.2312
10.42715845 1.223
10.441958450000001 1.2136
10.456758450000002 1.2045
10.47165845 1.1923
10.48645845 1.1796
10.501258450000002 1.1675
10.51605845 1.1516
10.53085845 1.143
10.545658450000001 1.1272
10.560458450000002 1.1201
10.57525845 1.1125
10.59005845 1.1073
10.604958450000002 1.1086
10.619758450000003 1.1237
10.63455845 1.1386
10.649358450000001 1.1519
10.664158450000002 1.1638
10.67895845 1.1736
10.69375845 1.1931
10.708558450000002 1.3738
10.72335845 1.3349
10.73825845 1.442
10.753058450000001 1.2966
10.767858450000002 1.2783
10.78265845 1.2649
10.79745845 1.2593
10.812258450000002 1.2582
10.82705845 1.2581
10.84185845 1.2685
10.856658450000001 1.2979
10.871558450000002 1.3201
10.88635845 1.3399
10.90115845 1.3529
10.915958450000002 1.3642
10.930758450000003 1.3849
10.94555845 1.4017
10.960358450000001 1.3887
10.975158450000002 1.4091
10.98995845 1.4646
11.00485845 1.4141
11.019658450000001 1.3663
11.034458450000002 1.3413
11.04925845 1.321
11.064058450000001 1.316
11.078858450000002 1.3114
11.09365845 1.3183
11.10845845 1.326
11.123258450000002 1.3277
11.138158450000002 1.3448
11.15295845 1.3779
11.167758450000001 1.303
11.182558450000002 1.2875
11.19735845 1.2642
11.21215845 1.2428
11.226958450000001 1.1997
11.241758450000003 1.1707
11.25665845 1.1574
11.27145845 1.1239
11.286258450000002 1.1014
11.30105845 1.1969
11.31585845 1.0313
11.330658450000001 1.0191
11.345458450000002 1.0123
11.36025845 1.0073
11.375058450000001 0.9998
11.389958450000002 0.9915
11.40475845 0.9562
11.41955845 0.9587
11.434358450000001 0.9673
11.449158450000002 1.0003
11.46395845 0.9907
11.47875845 0.995
11.493558450000002 1.0028
11.50835845 1.0088
11.52325845 1.0087
11.538058450000001 1.0025
11.552858450000002 1.0004
11.56765845 0.9981
11.58245845 0.9984
11.597258450000002 1.0008
11.61205845 1.0053
11.62685845 1.0149
11.641658450000001 1.0237
11.656558450000002 1.0298
11.67135845 1.0377
11.68615845 1.0484
11.700958450000002 1.0797
11.71575845 1.1134
11.73055845 1.1438
11.745358450000001 1.1719
11.760158450000002 1.1932
11.77495845 1.2183
11.78985845 1.2545
11.804658450000002 1.2789
11.819458450000003 1.2918
11.83425845 1.2955
11.849058450000001 1.306
11.863858450000002 1.3077
11.87865845 1.3102
11.89345845 1.322
11.908358450000001 1.3407
11.923158450000003 1.3743
11.93795845 1.4
11.952758450000001 1.415
11.967558450000002 1.4276
11.98235845 1.4459
11.99715845 1.4652
12.011958450000002 1.4799
12.026758449999999 1.4962
12.04165845 1.517
12.056458450000001 1.5445
12.071258450000002 1.5672
12.08605845 1.5819
12.10085845 1.5892
12.115658450000002 1.5897
12.130458450000003 1.5922
12.14525845 1.5913
12.160058450000001 1.5836
12.174958450000002 1.5778
12.18975845 1.5736
12.20455845 1.5746
12.219358450000001 1.5765
12.234158450000002 1.5854
12.24895845 1.5844
12.263758450000001 1.5772
12.278558450000002 1.5676
12.29335845 1.5535
12.30825845 1.5557
12.323058450000001 1.5493
12.337858450000002 1.5417
12.35265845 1.531
12.36745845 1.5187
12.382258450000002 1.5054
12.39705845 1.497
12.41185845 1.5016
12.426658450000001 1.4929
12.441558450000002 1.4887
12.45635845 1.4994
12.47115845 1.4944
12.485958450000002 1.4912
12.50075845 1.4868
12.51555845 1.4879
12.530358450000001 1.491
12.545158450000002 1.4928
12.56005845 1.5292
12.57485845 1.5525
12.589658450000002 1.3475
12.60445845 1.3247
12.61925845 1.3027
12.634058450000001 1.2864
12.648858450000002 1.2739
12.66365845 1.2594
12.67845845 1.2449
12.693358450000002 1.2343
12.708158449999999 1.22
12.72295845 1.2082
12.737758450000001 1.1982
12.752558450000002 1.1864
12.76735845 1.1751
12.78215845 1.1642
12.796958450000002 1.1535
12.81175845 1.1434
12.82665845 1.1336
12.841458450000001 1.123
12.856258450000002 1.1181
12.87105845 1.1143
12.88585845 1.1097
12.900658450000002 1.0951
12.91545845 1.0985
12.93025845 1.0876
12.945058450000001 1.0798
12.959958450000002 1.0645
12.97475845 1.055
12.98955845 1.0449
13.004358450000002 1.0348
13.019158450000003 1.0267
13.03395845 1.0169
13.048758450000001 1.0082
13.063558450000002 1.0048
13.07835845 0.9953
13.09325845 1.0276
13.108058450000001 0.9652
13.122858450000003 0.9302
13.13765845 0.9084
13.152458450000001 0.883
13.167258450000002 0.8633
13.18205845 0.8473
13.19685845 0.8407
13.211758450000001 0.8409
13.226558450000002 0.8352
13.24135845 0.8254
13.256158450000001 0.8365
13.270958450000002 0.7794
13.28575845 0.7661
13.30055845 0.7538
13.315358450000002 0.7488
13.330158450000003 0.7342
13.34505845 0.721
13.35985845 0.7092
13.374658450000002 0.6981
13.38945845 0.6877
13.40425845 0.6775
13.419058450000001 0.6605
13.433858450000002 0.6526
13.44865845 0.6458
13.463458450000001 0.6413
13.478358450000002 0.6374
13.49315845 0.632
13.50795845 0.6273
13.522758450000001 0.6171
13.537558450000002 0.6127
13.55235845 0.6095
13.56715845 0.6067
13.581958450000002 0.6042
13.59675845 0.6023
13.61165845 0.6005
13.626458450000001 0.5998
13.641258450000002 0.5966
13.65605845 0.5927
13.67085845 0.5896
13.685658450000002 0.5878
13.70045845 0.5865
13.71525845 0.5857
13.730058450000001 0.5852
13.744958450000002 0.5851
13.75975845 0.5852
13.77455845 0.5858
13.789358450000002 0.5864
13.80415845 0.5864
13.81895845 0.5864
13.833758450000001 0.5864
13.848558450000002 0.5864
13.86335845 0.5882
13.87825845 0.5904
13.893058450000002 0.5941
13.907858449999999 0.5977
13.92265845 0.6054
13.937458450000001 0.6073
13.952258450000002 0.6092
13.96705845 0.6111
13.98185845 0.6133
13.996758450000002 0.6201
14.011558450000003 0.6462
14.02635845 0.6408
14.041158450000001 0.6424
14.055958450000002 0.6279
14.07075845 0.6329
14.08555845 0.6376
14.100358450000002 0.641
14.11515845 0.6429
14.13005845 0.6413
14.144858450000001 0.6386
14.159658450000002 0.6346
14.17445845 0.6299
14.18925845 0.6232
14.204058450000002 0.607
14.218858450000003 0.5867
14.23365845 0.5613
14.248458450000001 0.5114
14.263358450000002 0.4638
14.27815845 0.4314
14.29295845 0.4041
14.307758450000001 0.3885
14.322558450000002 0.3742
14.33735845 0.3612
14.352158450000001 0.3463
14.366958450000002 0.3299
14.38175845 0.3121
14.39665845 0.3018
14.411458450000001 0.2821
14.426258450000002 0.2626
14.44105845 0.243
14.455858450000001 0.2254
14.470658450000002 0.2105
14.48545845 0.1998
14.50025845 0.1927
14.515058450000001 0.186
14.529958450000002 0.1794
14.54475845 0.1725
14.55955845 0.1661
14.574358450000002 0.1597
14.58915845 0.1532
14.60395845 0.1467
14.618758450000001 0.1404
14.633558450000002 0.1425
14.64845845 0.1362
14.66325845 0.1309
14.678058450000002 0.1255
14.69285845 0.12
14.70765845 0.1141
14.722458450000001 0.1083
14.737258450000002 0.1045
14.75205845 0.1006
14.76685845 0.0886
14.781758450000002 0.0777
14.79655845 0.0672
14.81135845 0.0571
14.826158450000001 0.0475
14.840958450000002 0.0385
14.85575845 0.0342
14.87055845 0.0298
14.885358450000002 0.0267
14.90015845 0.0239
14.91505845 0.0212
14.929858450000001 0.0187
14.944658450000002 0.0164
14.95945845 0.0143
14.97425845 0.0123
14.989058450000002 0.0105
15.00385845 0.009
15.01865845 0.0075
15.033458450000001 0.0063
15.048358450000002 0.0052
15.06315845 0.0042
15.07795845 0.0032
15.092758450000002 0.0023
15.107558449999999 0.0015
15.12235845 0.0007
15.137158450000001 0.0001
15.151958450000002 0.0
15.16675845 0.0
15.18165845 0.0
15.196458450000002 0.0
15.211258450000003 0.0
15.22605845 0.0
15.240858450000001 0.0
15.255658450000002 0.0
15.27045845 0.0
15.28525845 0.0
15.300158450000001 0.0
15.314958450000002 0.0
15.32975845 0.0
15.344558450000001 0.0
15.359358450000002 0.0
15.37415845 0.0
15.38895845 0.0
15.403758450000002 0.0
15.418558450000003 0.0
15.43345845 0.0
15.44825845 0.0
15.463058450000002 0.0
15.47785845 0.0
15.49265845 0.0
15.507458450000001 0.0
15.522258450000002 0.0
15.53705845 0.0
15.551858450000001 0.0
15.566758450000002 0.0
15.58155845 0.0
15.59635845 0.0
15.611158450000001 0.0
15.625958450000002 0.0
15.64075845 0.0
15.655558450000001 0.0
15.670358450000002 0.0
15.68515845 0.0
15.70005845 0.0
15.714858450000001 0.0
15.729658450000002 0.0
15.74445845 0.0
15.75925845 0.0
15.774058450000002 0.0
15.78885845 0.0
15.80365845 0.0
15.818458450000001 0.0
15.833358450000002 0.0
15.84815845 0.0
15.86295845 0.0
15.877758450000002 0.0
15.89255845 0.0
15.90735845 0.0
15.922158450000001 0.0
15.936958450000002 0.0
15.95175845 0.0
15.96665845 0.0
15.981458450000002 0.0
15.99625845 0.0
16.01105845 0.0
16.02585845 0.0
16.040658450000002 0.0
16.05545845 0.0
16.07025845 0.0
16.08515845 0.0
16.099958450000003 0.0
16.11475845 0.0
16.12955845 0.0
16.144358450000002 0.0
16.15915845 0.0
16.17395845 0.0
16.18875845 0.0
16.20355845 0.0
16.21845845 0.0
16.23325845 0.0
16.248058450000002 0.0
16.26285845 0.0
16.27765845 0.0
16.29245845 0.0
16.307258450000003 0.0
16.32205845 0.0
16.33685845 0.0
16.351758450000002 0.0
16.36655845 0.0
16.38135845 0.0
16.39615845 0.0
16.410958450000003 0.0
16.42575845 0.0
16.44055845 0.0
16.455358450000002 0.0
16.47015845 0.0
16.48505845 0.0
