Energy(eV) Total_DOS
-24.21297797 0.0
-24.18227797 0.0
-24.151477970000002 0.0
-24.120677970000003 0.0
-24.08997797 0.0
-24.05917797 0.0
-24.02837797 0.0
-23.997677969999998 0.0
-23.96687797 0.0
-23.93607797 0.0
-23.90537797 0.0
-23.87457797 0.0
-23.84377797 0.0
-23.813077970000002 0.0
-23.782277970000003 0.0
-23.75147797 0.0
-23.72077797 0.0
-23.68997797 0.0
-23.659177970000002 0.0
-23.62847797 0.0
-23.59767797 0.0
-23.56687797 0.0
-23.53617797 0.0
-23.50537797 0.0
-23.47457797 0.0
-23.443877970000003 0.0
-23.41307797 0.0
-23.38227797 0.0
-23.35157797 0.0
-23.32077797 0.0
-23.289977970000002 0.0
-23.25927797 0.0
-23.22847797 0.0
-23.19767797 0.0
-23.16697797 0.0
-23.13617797 0.0
-23.10537797 0.0
-23.07467797 0.0
-23.04387797 0.0
-23.01307797 0.0
-22.98237797 0.0
-22.951577970000002 0.0
-22.920777970000003 0.0
-22.89007797 0.0
-22.85927797 0.0
-22.82847797 0.0
-22.79777797 0.0
-22.76697797 0.0
-22.73617797 0.0
-22.70547797 0.0
-22.67467797 0.0
-22.64397797 0.0
-22.613177970000002 0.0
-22.582377970000003 0.0
-22.55167797 0.0
-22.52087797 0.0
-22.49007797 0.0
-22.45937797 0.0
-22.42857797 0.0
-22.39777797 0.0
-22.36707797 0.0
-22.33627797 0.0
-22.30547797 0.0
-22.274777970000002 0.0
-22.243977970000003 0.0
-22.21317797 0.0
-22.18247797 0.0
-22.15167797 0.0
-22.120877970000002 0.0
-22.09017797 0.0
-22.05937797 0.0
-22.02857797 0.0
-21.99787797 0.0
-21.96707797 0.0
-21.93627797 0.0
-21.905577970000003 0.0
-21.87477797 0.0
-21.84397797 0.0
-21.81327797 0.0
-21.782477970000002 0.0
-21.751677970000003 0.0
-21.72097797 0.0
-21.69017797 0.0
-21.65937797 0.0
-21.62867797 0.0
-21.59787797 0.0
-21.56707797 0.0
-21.53637797 0.0
-21.50557797 0.0
-21.474777969999998 0.0
-21.444077970000002 0.0
-21.413277970000003 0.0001
-21.38247797 0.019
-21.35177797 0.0242
-21.32097797 0.0326
-21.290177970000002 0.0391
-21.25947797 0.0418
-21.22867797 0.0466
-21.19787797 0.0516
-21.16717797 0.0554
-21.136377969999998 0.0583
-21.10557797 0.061
-21.074877970000003 0.0641
-21.04407797 0.0677
-21.01327797 0.0714
-20.98257797 0.074
-20.951777970000002 0.0759
-20.920977970000003 0.0783
-20.89027797 0.0807
-20.85947797 0.0832
-20.82867797 0.0859
-20.797977969999998 0.0887
-20.76717797 0.0911
-20.73637797 0.0929
-20.70567797 0.0947
-20.67487797 0.0965
-20.64407797 0.0987
-20.613377970000002 0.1008
-20.582577970000003 0.1029
-20.55177797 0.1051
-20.52107797 0.1074
-20.49027797 0.1095
-20.459577969999998 0.1109
-20.42877797 0.1125
-20.39797797 0.1142
-20.36727797 0.1158
-20.33647797 0.1176
-20.30567797 0.1194
-20.274977970000002 0.1212
-20.244177970000003 0.1231
-20.21337797 0.125
-20.18267797 0.127
-20.15187797 0.1284
-20.12107797 0.1298
-20.09037797 0.1312
-20.05957797 0.1327
-20.02877797 0.1343
-19.99807797 0.1358
-19.96727797 0.1373
-19.93647797 0.1389
-19.905777970000003 0.1406
-19.87497797 0.1422
-19.84417797 0.1439
-19.81347797 0.1456
-19.78267797 0.147
-19.751877970000002 0.1482
-19.72117797 0.1496
-19.69037797 0.1509
-19.65957797 0.1522
-19.62887797 0.1536
-19.59807797 0.155
-19.56727797 0.1565
-19.536577970000003 0.1579
-19.50577797 0.1593
-19.47497797 0.1608
-19.44427797 0.1623
-19.413477970000002 0.1639
-19.382677970000003 0.1654
-19.35197797 0.1666
-19.32117797 0.1678
-19.29037797 0.169
-19.25967797 0.1702
-19.22887797 0.1715
-19.19807797 0.1727
-19.16737797 0.174
-19.13657797 0.1753
-19.10577797 0.1767
-19.075077970000002 0.178
-19.044277970000003 0.1794
-19.01347797 0.1808
-18.98277797 0.1821
-18.95197797 0.1835
-18.921177970000002 0.1849
-18.89047797 0.1861
-18.85967797 0.1872
-18.82887797 0.1884
-18.79817797 0.1896
-18.76737797 0.1908
-18.73657797 0.192
-18.705877970000003 0.1932
-18.67507797 0.1944
-18.64427797 0.1957
-18.61357797 0.1969
-18.582777970000002 0.1982
-18.551977970000003 0.1995
-18.52127797 0.2008
-18.49047797 0.2021
-18.45967797 0.2034
-18.42897797 0.2047
-18.39817797 0.2059
-18.367477970000003 0.2071
-18.33667797 0.2082
-18.30587797 0.2094
-18.27517797 0.2105
-18.244377970000002 0.2117
-18.213577970000003 0.2129
-18.18287797 0.2141
-18.15207797 0.2153
-18.12127797 0.2165
-18.09057797 0.2177
-18.05977797 0.219
-18.02897797 0.2202
-17.99827797 0.2214
-17.96747797 0.2227
-17.936677969999998 0.224
-17.905977970000002 0.2253
-17.875177970000003 0.2266
-17.84437797 0.2278
-17.81367797 0.229
-17.78287797 0.2301
-17.752077970000002 0.2313
-17.72137797 0.2325
-17.69057797 0.2337
-17.65977797 0.2349
-17.62907797 0.2361
-17.59827797 0.2373
-17.56747797 0.2386
-17.536777970000003 0.2398
-17.50597797 0.2411
-17.47517797 0.2424
-17.44447797 0.2436
-17.413677970000002 0.2449
-17.382877970000003 0.2462
-17.35217797 0.2475
-17.32137797 0.2489
-17.29057797 0.2502
-17.25987797 0.2515
-17.22907797 0.2528
-17.19827797 0.2541
-17.16757797 0.2553
-17.13677797 0.2567
-17.10597797 0.258
-17.075277970000002 0.2593
-17.044477970000003 0.2606
-17.01367797 0.262
-16.98297797 0.2634
-16.95217797 0.2648
-16.92137797 0.2662
-16.89067797 0.2676
-16.85987797 0.269
-16.82907797 0.2705
-16.79837797 0.272
-16.76757797 0.2735
-16.73677797 0.275
-16.706077970000003 0.2766
-16.67527797 0.2781
-16.64447797 0.2797
-16.61377797 0.2813
-16.58297797 0.2829
-16.552177970000002 0.2846
-16.52147797 0.2862
-16.49067797 0.2879
-16.45987797 0.2897
-16.42917797 0.2915
-16.39837797 0.2933
-16.36757797 0.2951
-16.33687797 0.2971
-16.30607797 0.2991
-16.27527797 0.3012
-16.24457797 0.3033
-16.213777970000002 0.3055
-16.18307797 0.3078
-16.15227797 0.3102
-16.12147797 0.3127
-16.09077797 0.3153
-16.05997797 0.318
-16.02917797 0.3208
-15.99847797 0.3238
-15.96767797 0.3271
-15.936877970000001 0.3307
-15.906177970000002 0.3346
-15.87537797 0.3389
-15.84457797 0.3439
-15.81387797 0.3498
-15.78307797 0.3567
-15.752277970000002 0.367
-15.72157797 0.3776
-15.690777970000001 0.3844
-15.65997797 0.4262
-15.62927797 0.3902
-15.598477970000001 0.3842
-15.567677970000002 0.3805
-15.53697797 0.3806
-15.50617797 0.3885
-15.47537797 0.3789
-15.44467797 0.3838
-15.413877970000001 0.3807
-15.38307797 0.3732
-15.352377970000001 0.368
-15.32157797 0.3646
-15.29077797 0.3616
-15.260077970000001 0.3595
-15.229277970000002 0.359
-15.19847797 0.3598
-15.16777797 0.3605
-15.13697797 0.3576
-15.106177970000001 0.3528
-15.075477970000001 0.3523
-15.04467797 0.3505
-15.01387797 0.3484
-14.98317797 0.346
-14.95237797 0.3423
-14.921577970000001 0.3376
-14.890877970000002 0.3339
-14.86007797 0.3311
-14.82927797 0.3292
-14.79857797 0.3275
-14.767777970000001 0.3264
-14.736977970000002 0.3249
-14.70627797 0.3225
-14.67547797 0.321
-14.64467797 0.3204
-14.61397797 0.3181
-14.583177970000001 0.3132
-14.55237797 0.3114
-14.52167797 0.3096
-14.49087797 0.3077
-14.46007797 0.3057
-14.42937797 0.3037
-14.398577970000002 0.3012
-14.36777797 0.2985
-14.337077970000001 0.2952
-14.30627797 0.2917
-14.27547797 0.2888
-14.244777970000001 0.2864
-14.213977970000002 0.2843
-14.183177970000001 0.2826
-14.15247797 0.281
-14.12167797 0.2789
-14.09097797 0.2766
-14.060177970000002 0.2749
-14.02937797 0.2734
-13.998677970000001 0.2715
-13.96787797 0.2691
-13.93707797 0.2662
-13.906377970000001 0.2616
-13.875577970000002 0.2594
-13.84477797 0.2572
-13.81407797 0.2551
-13.78327797 0.2529
-13.752477970000001 0.2508
-13.721777970000002 0.2485
-13.69097797 0.246
-13.660177970000001 0.2435
-13.62947797 0.2411
-13.59867797 0.2388
-13.567877970000001 0.2361
-13.53717797 0.2333
-13.50637797 0.2307
-13.47557797 0.2285
-13.44487797 0.2262
-13.414077970000001 0.2242
-13.383277970000002 0.2218
-13.35257797 0.2194
-13.321777970000001 0.2172
-13.29097797 0.2152
-13.26027797 0.2319
-13.229477970000001 0.2403
-13.19867797 0.2438
-13.16797797 0.2554
-13.13717797 0.2712
-13.10637797 0.2811
-13.075677970000001 0.2671
-13.044877970000002 0.272
-13.01407797 0.2781
-12.983377970000001 0.2874
-12.95257797 0.2948
-12.92177797 0.3072
-12.891077970000001 0.3055
-12.86027797 0.2972
-12.829477970000001 0.2883
-12.79877797 0.2821
-12.76797797 0.2733
-12.737177970000001 0.2613
-12.706477970000002 0.2514
-12.67567797 0.2463
-12.64487797 0.2405
-12.61417797 0.2292
-12.58337797 0.225
-12.552577970000002 0.2242
-12.52187797 0.2243
-12.491077970000001 0.2233
-12.46027797 0.2217
-12.42957797 0.2242
-12.398777970000001 0.2286
-12.36797797 0.2348
-12.33727797 0.2438
-12.30647797 0.249
-12.27567797 0.2522
-12.24497797 0.2428
-12.214177970000001 0.2502
-12.18337797 0.2614
-12.152677970000001 0.2713
-12.12187797 0.2797
-12.09107797 0.2893
-12.060377970000001 0.3
-12.02957797 0.3091
-11.99877797 0.3187
-11.968077970000001 0.329
-11.93727797 0.3392
-11.90657797 0.3515
-11.875777970000001 0.3657
-11.84497797 0.3796
-11.814277970000001 0.398
-11.78347797 0.4158
-11.75267797 0.4366
-11.721977970000001 0.4583
-11.69117797 0.4922
-11.66037797 0.5091
-11.629677970000001 0.5235
-11.59887797 0.5444
-11.568077970000001 0.5833
-11.537377970000001 0.6433
-11.50657797 0.695
-11.475777970000001 0.7009
-11.44507797 0.6884
-11.41427797 0.6964
-11.383477970000001 0.7088
-11.35277797 0.7091
-11.32197797 0.6355
-11.29117797 0.5909
-11.26047797 0.5571
-11.229677970000001 0.5346
-11.198877970000002 0.517
-11.16817797 0.5035
-11.137377970000001 0.4917
-11.10657797 0.4807
-11.07587797 0.4703
-11.045077970000001 0.4604
-11.01427797 0.449
-10.98357797 0.4385
-10.952777970000001 0.4265
-10.92197797 0.4176
-10.89127797 0.411
-10.860477970000002 0.406
-10.82967797 0.4016
-10.798977970000001 0.3972
-10.76817797 0.3928
-10.73737797 0.3884
-10.706677970000001 0.384
-10.67587797 0.3794
-10.645077970000001 0.374
-10.614377970000001 0.3676
-10.58357797 0.3612
-10.552777970000001 0.3543
-10.522077970000002 0.3482
-10.49127797 0.3439
-10.460477970000001 0.341
-10.42977797 0.3385
-10.39897797 0.3359
-10.368177970000001 0.3332
-10.33747797 0.3306
-10.30667797 0.3278
-10.27587797 0.3251
-10.24517797 0.3223
-10.214377970000001 0.3194
-10.18357797 0.3151
-10.15287797 0.3107
-10.122077970000001 0.3038
-10.09127797 0.2992
-10.06057797 0.2955
-10.029777970000001 0.2927
-9.99897797 0.2906
-9.96827797 0.2888
-9.93747797 0.2871
-9.90667797 0.2854
-9.875977970000001 0.2835
-9.84517797 0.2816
-9.81447797 0.2796
-9.783677970000001 0.2774
-9.75287797 0.2751
-9.72217797 0.2726
-9.691377970000001 0.2694
-9.66057797 0.2654
-9.62987797 0.2611
-9.599077970000002 0.2568
-9.56827797 0.2534
-9.537577970000001 0.251
-9.50677797 0.2494
-9.47597797 0.2481
-9.445277970000001 0.2468
-9.41447797 0.2454
-9.38367797 0.2506
-9.352977970000001 0.271
-9.32217797 0.2986
-9.291377970000001 0.297
-9.260677970000001 0.311
-9.22987797 0.3886
-9.199077970000001 0.3385
-9.16837797 0.3484
-9.13757797 0.3557
-9.106777970000001 0.3588
-9.07607797 0.3671
-9.04527797 0.3782
-9.014477970000002 0.3894
-8.98377797 0.4095
-8.952977970000001 0.411
-8.92217797 0.4169
-8.89147797 0.4258
-8.860677970000001 0.4367
-8.82987797 0.4494
-8.79917797 0.4609
-8.768377970000001 0.4742
-8.73757797 0.4969
-8.70687797 0.5401
-8.676077970000001 0.5497
-8.64527797 0.5463
-8.614577970000001 0.5461
-8.58377797 0.5448
-8.55297797 0.5435
-8.522277970000001 0.5456
-8.49147797 0.5389
-8.46067797 0.5358
-8.429977970000001 0.5314
-8.39917797 0.5185
-8.368377970000001 0.5155
-8.337677970000001 0.5125
-8.30687797 0.5098
-8.276077970000001 0.5071
-8.24537797 0.5056
-8.21457797 0.5056
-8.183777970000001 0.5061
-8.15307797 0.5101
-8.12227797 0.5188
-8.09147797 0.5109
-8.06077797 0.5057
-8.029977970000001 0.5044
-7.999177970000001 0.5026
-7.96847797 0.5223
-7.937677970000001 0.5099
-7.906877970000001 0.5084
-7.8761779700000005 0.5101
-7.84537797 0.5104
-7.81457797 0.5117
-7.783877970000001 0.5183
-7.7530779700000005 0.521
-7.72227797 0.5172
-7.691577970000001 0.5239
-7.660777970000001 0.5269
-7.63007797 0.5258
-7.599277970000001 0.529
-7.56847797 0.532
-7.5377779700000005 0.5358
-7.506977970000001 0.5389
-7.47617797 0.5396
-7.445477970000001 0.5443
-7.4146779700000005 0.5477
-7.38387797 0.5463
-7.353177970000001 0.5464
-7.322377970000001 0.5489
-7.2915779700000005 0.5506
-7.260877970000001 0.5552
-7.230077970000001 0.5598
-7.199277970000001 0.564
-7.168577970000001 0.5643
-7.13777797 0.5713
-7.106977970000001 0.5656
-7.0762779700000005 0.5701
-7.04547797 0.5773
-7.014677970000001 0.5859
-6.983977970000001 0.5912
-6.9531779700000005 0.588
-6.922377970000001 0.5951
-6.891677970000001 0.602
-6.860877970000001 0.6024
-6.8300779700000005 0.603
-6.79937797 0.6068
-6.768577970000001 0.6112
-6.737777970000001 0.6258
-6.70707797 0.6291
-6.676277970000001 0.6393
-6.645477970000001 0.6414
-6.6147779700000005 0.6489
-6.583977970000001 0.6547
-6.55317797 0.6662
-6.522477970000001 0.6709
-6.4916779700000005 0.666
-6.46087797 0.6714
-6.430177970000001 0.6797
-6.399377970000001 0.7068
-6.3685779700000005 0.7296
-6.337877970000001 0.7593
-6.307077970000001 0.7725
-6.276277970000001 0.809
-6.245577970000001 0.8031
-6.21477797 0.8189
-6.183977970000001 0.7984
-6.15327797 0.7976
-6.12247797 0.8037
-6.091677970000001 0.7978
-6.060977970000001 0.7941
-6.03017797 0.7955
-5.999377970000001 0.7925
-5.968677970000001 0.7919
-5.937877970000001 0.7879
-5.9070779700000005 0.7869
-5.87637797 0.7837
-5.845577970000001 0.7814
-5.814777970000001 0.7809
-5.78407797 0.7808
-5.753277970000001 0.7783
-5.722477970000001 0.7762
-5.69177797 0.7745
-5.66097797 0.7733
-5.630177970000001 0.7715
-5.599477970000001 0.7694
-5.56867797 0.7671
-5.537977970000001 0.7648
-5.507177970000001 0.7623
-5.476377970000001 0.7599
-5.44567797 0.7575
-5.414877970000001 0.7552
-5.384077970000001 0.753
-5.35337797 0.7518
-5.32257797 0.7507
-5.291777970000001 0.751
-5.2610779700000005 0.7534
-5.23027797 0.7534
-5.19947797 0.7521
-5.168777970000001 0.7496
-5.137977970000001 0.7471
-5.10717797 0.7437
-5.076477970000001 0.7403
-5.045677970000001 0.737
-5.014877970000001 0.7339
-4.984177970000001 0.7315
-4.953377970000001 0.7293
-4.922577970000001 0.7274
-4.89187797 0.7255
-4.861077970000001 0.7238
-4.830277970000001 0.7226
-4.7995779700000005 0.7225
-4.76877797 0.7225
-4.73797797 0.7218
-4.707277970000001 0.7209
-4.6764779700000005 0.7201
-4.64567797 0.7192
-4.614977970000001 0.7183
-4.584177970000001 0.7168
-4.5533779700000006 0.7151
-4.522677970000001 0.7135
-4.491877970000001 0.7119
-4.461077970000001 0.71
-4.43037797 0.708
-4.399577970000001 0.7055
-4.368777970000001 0.7028
-4.3380779700000005 0.7
-4.30727797 0.6976
-4.276477970000001 0.696
-4.245777970000001 0.6939
-4.2149779700000005 0.6923
-4.18417797 0.6916
-4.153477970000001 0.6906
-4.122677970000001 0.689
-4.0918779700000005 0.6876
-4.061177970000001 0.6866
-4.030377970000001 0.6857
-3.9995779700000007 0.6852
-3.9688779700000003 0.6841
-3.938077970000001 0.6833
-3.907277970000001 0.6821
-3.8765779700000005 0.6806
-3.8457779700000003 0.6793
-3.814977970000001 0.6779
-3.7842779700000007 0.6768
-3.7534779700000005 0.6755
-3.7226779700000003 0.6731
-3.691977970000001 0.671
-3.6611779700000007 0.6687
-3.6303779700000005 0.6664
-3.599677970000001 0.6638
-3.568877970000001 0.661
-3.5380779700000007 0.6584
-3.5073779700000003 0.6573
-3.476577970000001 0.6559
-3.445777970000001 0.6536
-3.4150779700000005 0.6516
-3.3842779700000003 0.6501
-3.353577970000001 0.6488
-3.3227779700000006 0.648
-3.2919779700000005 0.6476
-3.261277970000001 0.6471
-3.230477970000001 0.6483
-3.1996779700000006 0.648
-3.1689779700000003 0.6479
-3.138177970000001 0.6465
-3.107377970000001 0.6444
-3.0766779700000004 0.6412
-3.0458779700000003 0.6374
-3.015077970000001 0.6337
-2.9843779700000006 0.6303
-2.9535779700000004 0.6334
-2.9227779700000003 0.6389
-2.8920779700000008 0.6373
-2.8612779700000006 0.6295
-2.8304779700000005 0.614
-2.799777970000001 0.5766
-2.768977970000001 0.5464
-2.7381779700000006 0.5217
-2.7074779700000002 0.5058
-2.676677970000001 0.4897
-2.645877970000001 0.4743
-2.6151779700000004 0.463
-2.5843779700000002 0.4541
-2.553577970000001 0.4442
-2.5228779700000006 0.4337
-2.4920779700000004 0.423
-2.4612779700000003 0.4133
-2.4305779700000008 0.4049
-2.3997779700000006 0.3971
-2.3689779700000004 0.3893
-2.338277970000001 0.3811
-2.3074779700000008 0.3728
-2.2766779700000006 0.3647
-2.24597797 0.3571
-2.215177970000001 0.3503
-2.184377970000001 0.3434
-2.1536779700000004 0.3373
-2.1228779700000002 0.3311
-2.092077970000001 0.3247
-2.0613779700000006 0.3193
-2.0305779700000004 0.3124
-1.9997779700000002 0.3058
-1.9690779700000007 0.2997
-1.9382779700000006 0.2943
-1.9074779700000004 0.2893
-1.876777970000001 0.2843
-1.8459779700000007 0.2791
-1.8151779700000006 0.2739
-1.784477970000001 0.2689
-1.753677970000001 0.2638
-1.7228779700000008 0.2587
-1.6921779700000004 0.2536
-1.6613779700000002 0.2485
-1.630577970000001 0.2436
-1.5998779700000014 0.239
-1.5690779700000004 0.2345
-1.538277970000001 0.23
-1.5075779699999998 0.2255
-1.4767779700000006 0.2212
-1.4459779700000013 0.2167
-1.41527797 0.2119
-1.3844779700000007 0.2081
-1.3536779700000015 0.2045
-1.3229779700000002 0.1998
-1.292177970000001 0.1953
-1.2614779700000014 0.1909
-1.2306779700000003 0.1866
-1.199877970000001 0.1825
-1.1691779699999998 0.1785
-1.1383779700000005 0.1744
-1.1075779700000012 0.1704
-1.07687797 0.1666
-1.0460779700000007 0.1629
-1.0152779700000014 0.1592
-0.9845779700000001 0.1553
-0.9537779700000009 0.1513
-0.9229779699999998 0.1471
-0.8922779700000003 0.1432
-0.861477970000001 0.1396
-0.83067797 0.1362
-0.7999779700000005 0.1331
-0.7691779700000012 0.13
-0.7383779700000002 0.1255
-0.7076779700000007 0.1216
-0.6768779700000014 0.1174
-0.6460779700000003 0.1128
-0.6153779700000008 0.1082
-0.5845779699999998 0.1042
-0.5537779700000005 0.1003
-0.523077970000001 0.0965
-0.49227796999999995 0.0925
-0.4614779700000007 0.089
-0.4307779700000012 0.0887
-0.3999779700000001 0.0832
-0.36917797000000085 0.0774
-0.33847797000000135 0.0719
-0.3076779700000003 0.0671
-0.27687797000000103 0.0635
-0.24617797000000152 0.0613
-0.21537797000000047 0.0552
-0.1845779700000012 0.0461
-0.15387796999999992 0.0389
-0.12307797000000065 0.0345
-0.09227797000000137 0.0365
-0.06157797000000009 0.0069
-0.03077797000000082 0.0007
2.2030000000228256e-05 0.0
0.030722029999999734 0.0
0.061522029999999006 0.0
0.09232203000000005 0.0
0.12302202999999956 0.0
0.15382202999999883 0.0
0.18462202999999988 0.0
0.2153220299999994 0.0
0.24612202999999866 0.0
0.2769220299999997 0.0
0.3076220299999992 0.0
0.3384220299999985 0.0
0.36922202999999953 0.0
0.39992202999999904 0.0
0.4307220300000001 0.0
0.46152202999999936 0.0
0.49222202999999887 0.0
0.5230220299999999 0.0
0.5538220299999992 0.0
0.5845220299999987 0.0
0.6153220299999997 0.0
0.646122029999999 0.0
0.6768220299999985 0.0
0.7076220299999996 0.0
0.7384220299999988 0.0
0.7691220300000001 0.0
0.7999220299999994 0.0
0.8306220299999989 0.0
0.86142203 0.0
0.8922220299999992 0.0
0.9229220299999987 0.0
0.9537220299999998 0.0
0.984522029999999 0.0
1.0152220299999986 0.0
1.0460220299999996 0.0
1.0768220299999989 0.0
1.1075220300000002 0.0
1.1383220299999994 0.0
1.1691220299999987 0.0
1.19982203 0.0
1.2306220299999993 0.0
1.2614220299999985 0.0
1.2921220299999998 0.0
1.322922029999999 0.0
1.3537220300000001 0.0
1.3844220299999996 0.0
1.415222029999999 0.0
1.44602203 0.0
1.4767220299999995 0.0
1.5075220299999987 0.0
1.5383220299999998 0.0
1.5690220299999993 0.0
1.5998220299999986 0.0
1.6306220299999996 0.0
1.6613220299999991 0.0
1.6921220300000002 0.0
1.7229220299999994 0.0
1.753622029999999 0.0
1.78442203 0.0
1.8152220299999993 0.0
1.8459220299999988 0.0
1.8767220299999998 0.0
1.907522029999999 0.0
1.9382220299999986 0.0
1.9690220299999996 0.0
1.999822029999999 0.0
2.03052203 0.0
2.0613220299999995 0.0
2.0921220299999987 0.0
2.12282203 0.0
2.1536220299999993 0.0
2.1844220299999986 0.0
2.21512203 0.0
2.245922029999999 0.0
2.27672203 0.0
2.3074220299999997 0.0
2.338222029999999 0.0
2.36902203 0.0
2.3997220299999995 0.0
2.430522029999999 0.0
2.46132203 0.0
2.4920220299999993 0.0
2.5228220299999986 0.0
2.5536220299999997 0.0
2.584322029999999 0.0
2.61512203 0.0
2.6459220299999995 0.0
2.676622029999999 0.0
2.70742203 0.0
2.7382220299999993 0.0
2.768922029999999 0.0
2.79972203 0.0
2.830522029999999 0.0
2.8612220299999986 0.0
2.8920220299999997 0.0
2.922822029999999 0.0
2.9535220300000002 0.0
2.9843220299999995 0.0
3.015022029999999 0.0
3.04582203 0.0
3.0766220299999993 0.0
3.107322029999999 0.0
3.13812203 0.0
3.168922029999999 0.0
3.1996220299999987 0.0
3.2304220299999997 0.0
3.261222029999999 0.0
3.2919220299999985 0.0
3.3227220299999995 0.0
3.353522029999999 0.0
3.38422203 0.0
3.4150220299999994 0.0
3.4458220299999986 0.0
3.47652203 0.0
3.507322029999999 0.0
3.5381220299999985 0.0
3.5688220299999998 0.0
3.599622029999999 0.0
3.63042203 0.0
3.6611220299999996 0.0
3.691922029999999 0.0
3.72272203 0.0
3.7534220299999994 0.0
3.7842220299999987 0.0
3.8150220299999997 0.0
3.8457220299999992 0.0
3.8765220299999985 0.0
3.9073220299999996 0.0
3.938022029999999 0.0
3.96882203 0.0
3.9996220299999994 0.0
4.030322029999999 0.0
4.06112203 0.0
4.091922029999999 0.0
4.122622029999999 0.0039
4.15342203 0.0169
4.184222029999999 0.0339
4.2149220299999985 0.0523
4.24572203 0.064
4.276522029999999 0.0718
4.30722203 0.0786
4.338022029999999 0.0831
4.368822029999999 0.0901
4.39952203 0.0974
4.430322029999999 0.105
4.4611220299999985 0.1135
4.49182203 0.1221
4.522622029999999 0.1291
4.55342203 0.1358
4.58412203 0.1436
4.614922029999999 0.1516
4.64572203 0.1596
4.6764220299999995 0.1678
4.707222029999999 0.1759
4.73802203 0.1839
4.768722029999999 0.1977
4.7995220299999986 0.2023
4.83032203 0.2088
4.861022029999999 0.2158
4.89182203 0.2235
4.922622029999999 0.2651
4.953322029999999 0.2441
4.98412203 0.2521
5.014922029999999 0.2603
5.045622029999999 0.2677
5.07642203 0.2741
5.107122029999999 0.2803
5.137922029999999 0.2872
5.16872203 0.2943
5.199422029999999 0.3016
5.23022203 0.3097
5.2610220299999995 0.3178
5.291722029999999 0.3258
5.32252203 0.3337
5.353322029999999 0.3417
5.384022029999999 0.3498
5.41482203 0.3583
5.445622029999999 0.3688
5.476322029999999 0.3782
5.50712203 0.387
5.537922029999999 0.3978
5.56862203 0.4156
5.5994220299999995 0.4327
5.630222029999999 0.4366
5.66092203 0.4306
5.691722029999999 0.4375
5.722522029999999 0.4451
5.75322203 0.4502
5.784022029999999 0.4551
5.81482203 0.4582
5.84552203 0.4601
5.876322029999999 0.4629
5.90712203 0.467
5.9378220299999995 0.4715
5.968622029999999 0.4764
5.99942203 0.4817
6.030122029999999 0.4869
6.060922029999999 0.4919
6.09172203 0.4968
6.122422029999999 0.5015
6.15322203 0.5047
6.1840220299999995 0.5086
6.214722029999999 0.5133
6.24552203 0.5185
6.276322029999999 0.5236
6.307022029999999 0.5288
6.337822029999998 0.5336
6.368622030000001 0.5386
6.39932203 0.5435
6.43012203 0.5482
6.460922029999999 0.5529
6.4916220299999985 0.5575
6.522422029999998 0.562
6.553222030000001 0.5664
6.58392203 0.5711
6.614722029999999 0.5756
6.645522029999999 0.5803
6.676222029999998 0.5851
6.707022030000001 0.5898
6.73782203 0.5945
6.76852203 0.5993
6.799322029999999 0.6042
6.830122029999998 0.6092
6.860822029999998 0.6144
6.891622030000001 0.6197
6.92242203 0.6251
6.953122029999999 0.6309
6.983922029999999 0.6369
7.014722029999998 0.6429
7.045422030000001 0.649
7.07622203 0.6551
7.1070220299999995 0.6612
7.137722029999999 0.6674
7.168522029999998 0.6737
7.199322029999998 0.68
7.230022030000001 0.6865
7.26082203 0.6932
7.291522029999999 0.7
7.322322029999999 0.707
7.353122029999998 0.7147
7.383822030000001 0.722
7.41462203 0.7294
7.44542203 0.7374
7.476122029999999 0.7457
7.506922029999998 0.7542
7.537722029999998 0.7631
7.568422030000001 0.7718
7.59922203 0.7808
7.630022029999999 0.7904
7.660722029999999 0.8009
7.691522029999998 0.8119
7.722322030000001 0.823
7.75302203 0.8347
7.78382203 0.847
7.814622029999999 0.8604
7.845322029999998 0.8759
7.876122029999998 0.8942
7.9069220300000005 0.9156
7.93762203 0.9404
7.968422029999999 0.9691
7.9992220299999985 1.0028
8.029922029999998 1.0443
8.06072203 1.0907
8.09152203 1.1517
8.12222203 1.2145
8.153022029999999 1.2338
8.183822029999998 1.1448
8.214522029999998 1.1343
8.24532203 1.1319
8.27612203 1.2021
8.30682203 1.1451
8.337622029999999 1.1468
8.368422029999998 1.1285
8.399122030000001 0.9608
8.42992203 0.7751
8.46072203 0.732
8.491422029999999 0.7643
8.522222029999998 0.8204
8.553022030000001 0.9123
8.58372203 1.0344
8.61452203 1.0482
8.645322029999999 1.0726
8.676022029999999 1.0953
8.706822029999998 0.9893
8.73762203 0.8967
8.76832203 0.9094
8.79912203 0.9249
8.829922029999999 0.9397
8.860622029999998 0.9909
8.891422030000001 0.9831
8.92222203 0.9784
8.95292203 0.9863
8.98372203 0.965
9.014522029999998 0.9208
9.045222029999998 0.8943
9.07602203 0.8813
9.10682203 0.8734
9.13752203 0.8635
9.168322029999999 0.8698
9.199122029999998 0.9031
9.229822030000001 0.8873
9.26062203 0.8721
9.29142203 0.8676
9.32212203 0.87
9.352922029999998 0.8559
9.383622029999998 0.8417
9.41442203 0.8328
9.44522203 0.8289
9.47592203 0.831
9.506722029999999 0.8375
9.537522029999998 0.8427
9.568222029999998 0.8472
9.59902203 0.8498
9.62982203 0.8523
9.66052203 0.8728
9.691322029999998 0.8685
9.722122029999998 0.8649
9.75282203 0.8524
9.78362203 0.8496
9.81442203 0.8465
9.845122029999999 0.8434
9.875922029999998 0.8328
9.906722030000001 0.8321
9.93742203 0.8387
9.96822203 0.8367
9.999022029999999 0.8365
10.029722029999999 0.8521
10.060522029999998 0.8352
10.09132203 0.821
10.12202203 0.8009
10.15282203 0.7977
10.183622029999999 0.798
10.214322029999998 0.8135
10.245122030000001 0.796
10.27592203 0.7852
10.30662203 0.7836
10.337422029999999 0.7871
10.368222029999998 0.7912
10.398922029999998 0.794
10.42972203 0.7669
10.46052203 0.7346
10.49122203 0.7323
10.522022029999999 0.7188
10.552822029999998 0.7064
10.583522030000001 0.6821
10.61432203 0.6575
10.64512203 0.6411
10.675822029999999 0.6429
10.706622029999998 0.636
10.737422029999998 0.6193
10.76812203 0.5931
10.79892203 0.5782
10.82972203 0.562
10.860422029999999 0.5504
10.891222029999998 0.5425
10.92202203 0.5356
10.95272203 0.5295
10.98352203 0.5244
11.014322029999999 0.5211
11.045022029999998 0.5163
11.075822029999998 0.5127
11.10662203 0.5088
11.13732203 0.5104
11.16812203 0.5516
11.198922029999999 0.5893
11.229622029999998 0.6006
11.26042203 0.6052
11.29122203 0.5976
11.32192203 0.6039
11.352722029999999 0.6028
11.383522029999998 0.606
11.414222029999998 0.6342
11.44502203 0.7403
11.47582203 0.6074
11.50652203 0.6121
11.537322029999999 0.615
11.568022029999998 0.6216
11.598822030000001 0.6235
11.62962203 0.624
11.66032203 0.6232
11.691122029999999 0.6196
11.721922029999998 0.6153
11.752622029999998 0.6147
11.78342203 0.617
11.81422203 0.623
11.84492203 0.6267
11.875722029999999 0.6317
11.906522029999998 0.6482
11.937222030000001 0.6371
11.96802203 0.644
11.99882203 0.6548
12.029522029999999 0.6687
12.060322029999998 0.6864
12.091122030000001 0.792
12.12182203 0.7609
12.15262203 0.7565
12.18342203 0.7387
12.214122029999999 0.7282
12.244922029999998 0.72
12.27572203 0.7404
12.30642203 0.7321
12.33722203 0.754
12.368022029999999 0.7481
12.398722029999998 0.7272
12.429522030000001 0.7196
12.46032203 0.7187
12.49102203 0.7228
12.52182203 0.7168
12.552622029999998 0.709
12.583322029999998 0.7101
12.61412203 0.7109
12.64492203 0.7189
12.67562203 0.7481
12.706422029999999 0.8225
12.737222029999998 0.7645
12.767922029999998 0.7396
12.79872203 0.7386
12.82952203 0.7413
12.86022203 0.7397
12.891022029999998 0.7404
12.921822029999998 0.7429
12.95252203 0.7439
12.98332203 0.7478
13.01412203 0.7591
13.044822029999999 0.7641
13.075622029999998 0.7714
13.106422030000001 0.779
13.13712203 0.7914
13.16792203 0.7966
13.198722029999999 0.8172
13.229422029999999 0.8493
13.260222029999998 0.8791
13.29102203 0.9156
13.32172203 0.9596
13.35252203 0.9588
13.383322029999999 0.9871
13.414022029999998 1.0109
13.444822030000001 1.0155
13.47562203 0.9765
13.50632203 1.0023
13.537122029999999 1.0623
13.567922029999998 1.0643
13.598622029999998 0.98
13.62942203 0.914
13.66012203 0.8895
13.69092203 0.864
13.721722029999999 0.8293
13.752422029999998 0.809
13.783222030000001 0.7902
13.81402203 0.7828
13.84472203 0.7839
13.875522029999999 0.7873
13.906322029999998 0.7793
13.937022029999998 0.7705
13.96782203 0.7665
13.99862203 0.7665
14.02932203 0.7673
14.060122029999999 0.77
14.090922029999998 0.7794
14.121622030000001 0.7972
14.15242203 0.8251
14.18322203 0.8549
14.213922029999999 0.8807
14.244722029999998 0.898
14.275522029999998 0.9607
14.30622203 1.0097
14.33702203 1.0358
14.36782203 1.1003
14.398522029999999 1.0608
14.429322029999998 0.9899
14.46012203 0.9432
14.49082203 0.9166
14.52162203 0.901
14.552422029999999 0.8902
14.583122029999998 0.8718
14.613922029999998 0.842
14.64472203 0.8123
14.67542203 0.7862
14.70622203 0.7661
14.737022029999999 0.7503
14.767722029999998 0.7386
14.79852203 0.7304
14.82932203 0.7256
14.86002203 0.7212
14.890822029999999 0.7153
14.921622029999998 0.706
14.952322029999998 0.6929
14.98312203 0.6794
15.01392203 0.6671
15.04462203 0.655
15.075422029999999 0.6419
15.106222029999998 0.6345
15.136922030000001 0.6286
15.16772203 0.6224
15.19852203 0.6144
15.229222029999999 0.605
15.260022029999998 0.5931
15.290822030000001 0.5931
15.32152203 0.5946
15.35232203 0.5897
15.38312203 0.5837
15.413822029999999 0.5655
15.444622029999998 0.5485
15.47542203 0.5475
15.50612203 0.579
15.53692203 0.5849
15.567722029999999 0.528
15.598422029999998 0.5846
15.629222030000001 0.2647
15.66002203 0.2582
15.69072203 0.2517
15.72152203 0.2461
15.752322029999998 0.2405
15.783022029999998 0.2343
15.81382203 0.228
15.84452203 0.2215
15.87532203 0.2147
15.906122029999999 0.2076
15.936822029999998 0.2017
15.967622030000001 0.1965
15.99842203 0.192
16.02912203 0.1876
16.05992203 0.183
16.09072203 0.1782
16.121422029999998 0.1733
16.15222203 0.1675
16.18302203 0.1628
16.21372203 0.1556
16.24452203 0.148
16.275322029999998 0.1403
16.306022029999998 0.1324
16.33682203 0.1246
16.36762203 0.1174
16.39832203 0.1102
16.42912203 0.1044
16.459922029999998 0.0989
16.49062203 0.0938
16.52142203 0.086
16.55222203 0.0754
16.58292203 0.0609
16.613722029999998 0.0446
16.64452203 0.0378
16.67522203 0.0
16.70602203 0.0
16.73682203 0.0
16.76752203 0.0
16.798322029999998 0.0084
16.82912203 0.0153
16.85982203 0.0151
16.89062203 0.0178
16.92142203 0.0207
16.952122029999998 0.0235
16.98292203 0.0264
17.01372203 0.0293
17.04442203 0.0323
17.07522203 0.0352
17.10602203 0.0381
17.136722029999998 0.0412
17.16752203 0.0444
17.19832203 0.048
17.22902203 0.0517
17.25982203 0.0556
17.290622029999998 0.0594
17.32132203 0.0631
17.35212203 0.0667
17.38292203 0.0702
17.41362203 0.0736
17.44442203 0.0769
17.475222029999998 0.0803
17.50592203 0.0837
17.53672203 0.0882
17.56752203 0.0938
17.59822203 0.0997
17.629022029999998 0.1057
17.65982203 0.112
17.69052203 0.1185
17.72132203 0.1252
17.75212203 0.1319
17.78282203 0.1374
17.813622029999998 0.1444
17.84442203 0.1542
17.87512203 0.1667
17.90592203 0.1804
17.93662203 0.1918
17.967422029999998 0.2257
17.99822203 0.2388
18.02892203 0.2294
18.05972203 0.2246
18.09052203 0.2251
18.12122203 0.2267
18.152022029999998 0.2295
18.18282203 0.2324
18.21352203 0.2353
18.24432203 0.238
18.27512203 0.2407
18.305822029999998 0.2434
18.33662203 0.246
18.36742203 0.2484
18.39812203 0.2504
18.42892203 0.2523
18.45972203 0.2541
18.490422029999998 0.2559
18.52122203 0.2577
18.55202203 0.2593
18.58272203 0.2608
18.61352203 0.2625
18.644322029999998 0.2643
18.67502203 0.2662
18.70582203 0.268
18.73662203 0.2701
18.76732203 0.2722
18.79812203 0.2744
18.82892203 0.2764
18.85962203 0.2784
18.89042203 0.2804
18.92122203 0.2822
18.95192203 0.284
18.982722029999998 0.2858
19.01352203 0.2876
19.04422203 0.2893
19.07502203 0.2911
19.10582203 0.2928
19.13652203 0.2944
19.16732203 0.2961
19.19812203 0.2981
19.22882203 0.3027
19.25962203 0.3133
19.29042203 0.3183
19.321122029999998 0.3234
19.35192203 0.3289
19.38272203 0.3346
19.41342203 0.3396
19.44422203 0.3435
19.475022029999998 0.348
19.505722029999998 0.3526
19.53652203 0.3571
19.56732203 0.3615
19.59802203 0.3659
19.62882203 0.3696
19.659622029999998 0.3909
19.69032203 0.415
19.72112203 0.4341
19.75192203 0.4535
19.78262203 0.4672
19.813422029999998 0.4802
19.84422203 0.493
19.87492203 0.5097
19.90572203 0.5281
19.93652203 0.5456
19.96722203 0.5631
19.998022029999998 0.5892
20.02882203 0.6314
20.05952203 0.6875
20.09032203 0.754
20.12102203 0.8178
20.151822029999998 0.8604
20.18262203 0.8784
20.21332203 0.8928
20.24412203 0.8565
20.27492203 0.8673
20.30562203 0.8877
20.336422029999998 0.8895
20.36722203 0.8883
20.39792203 0.8914
20.42872203 0.9017
20.45952203 0.906
20.490222029999998 0.8936
20.52102203 0.933
20.55182203 0.9683
20.58252203 0.9759
20.61332203 0.9888
20.64412203 1.0053
20.674822029999998 1.0285
20.70562203 1.067
20.73642203 1.1359
20.76712203 1.2296
20.79792203 1.2819
20.828722029999998 1.3405
20.85942203 1.4494
20.89022203 1.6509
20.92102203 1.6886
20.95172203 1.5712
20.98252203 1.4289
21.013322029999998 1.4114
21.04402203 1.2847
21.07482203 1.1671
21.10562203 1.0649
21.13632203 0.997
21.167122029999998 0.9679
21.19792203 0.9145
21.22862203 0.8943
21.25942203 0.8751
21.29022203 0.8565
21.32092203 0.8403
21.351722029999998 0.8189
21.38252203 0.7879
21.41322203 0.7672
21.44402203 0.7528
21.47482203 0.738
21.505522029999998 0.7291
21.53632203 0.7057
21.56712203 0.6977
21.59782203 0.6865
21.62862203 0.6615
21.659422029999998 0.7135
21.690122029999998 0.6394
21.72092203 0.6286
21.75172203 0.6214
21.78242203 0.6253
21.81322203 0.6113
21.844022029999998 0.61
21.87472203 0.6111
21.90552203 0.6152
21.93632203 0.6222
21.96702203 0.6401
21.99782203 0.6374
22.02862203 0.6499
22.05932203 0.638
22.09012203 0.6303
22.12092203 0.6266
22.15162203 0.6293
22.182422029999998 0.6343
22.21312203 0.6434
22.24392203 0.6515
22.27472203 0.6684
22.30542203 0.6807
22.336222030000002 0.7109
22.36702203 0.7599
22.397722029999997 0.7766
22.428522029999996 0.8137
22.459322030000003 0.845
22.49002203 0.8207
22.520822029999998 0.8121
22.551622029999997 0.81
22.58232203 0.8293
22.61312203 0.8
22.64392203 0.7987
22.674622030000002 0.8014
22.70542203 0.8063
22.73622203 0.8024
22.766922029999996 0.7894
22.797722030000003 0.788
22.828522030000002 0.773
22.859222029999998 0.7742
22.890022029999997 0.7788
22.920822029999997 0.781
22.95152203 0.7834
22.98232203 0.7706
23.013122029999998 0.7701
23.04382203 0.7698
23.07462203 0.7794
23.10542203 0.8458
23.136122030000003 0.8749
23.166922030000002 0.8932
23.19772203 0.882
23.228422029999997 0.8607
23.259222029999997 0.825
23.290022029999996 0.8048
23.32072203 0.7853
23.351522029999998 0.7601
23.382322029999997 0.7362
23.41302203 0.7174
23.44382203 0.7076
23.47462203 0.6996
23.505322030000002 0.6894
23.53612203 0.6794
23.56692203 0.6709
23.597622029999997 0.6643
23.628422029999996 0.6581
23.659222030000002 0.652
23.689922029999998 0.647
23.720722029999997 0.643
23.751522029999997 0.6408
23.78222203 0.6349
23.81302203 0.6279
23.84382203 0.6201
23.87452203 0.6147
23.90532203 0.6116
23.93612203 0.607
23.966822029999996 0.6007
23.997622030000002 0.6148
24.02842203 0.6827
24.059122029999997 0.7593
24.089922029999997 0.895
24.120722029999996 0.7164
24.15142203 0.5595
24.18222203 0.4671
24.213022029999998 0.3806
24.24372203 0.3241
24.27452203 0.2928
24.30532203 0.286
24.336022030000002 0.2853
24.36682203 0.2963
24.397522029999998 0.323
24.428322029999997 0.3377
24.459122029999996 0.3502
24.48982203 0.3655
24.52062203 0.3856
24.551422029999998 0.4097
24.58212203 0.4318
24.61292203 0.4507
24.64372203 0.4643
24.674422030000002 0.4813
24.70522203 0.5015
24.73602203 0.5292
24.766722029999997 0.5532
24.797522029999996 0.5732
24.828322030000002 0.5982
24.85902203 0.6083
24.889822029999998 0.5816
24.920622029999997 0.5532
24.95132203 0.5129
24.98212203 0.4668
25.01292203 0.465
25.04362203 0.4635
25.07442203 0.4621
25.10522203 0.4605
25.135922029999996 0.4587
25.166722030000003 0.4561
25.197522030000002 0.4532
25.228222029999998 0.451
25.259022029999997 0.4487
25.289822029999996 0.4461
25.32052203 0.4442
25.35132203 0.4444
25.382122029999998 0.4459
25.41282203 0.4481
25.44362203 0.4516
25.47442203 0.4552
25.505122030000003 0.4978
25.535922030000002 0.5211
25.56672203 0.5425
25.597422029999997 0.5453
25.628222029999996 0.5313
25.659022030000003 0.5153
25.68972203 0.5043
25.720522029999998 0.487
25.751322029999997 0.477
25.78202203 0.4645
25.81282203 0.4664
25.84362203 0.4689
25.874322030000002 0.4717
25.90512203 0.4752
25.93592203 0.4769
25.966622029999996 0.4778
25.997422030000003 0.4806
26.028222030000002 0.4833
26.058922029999998 0.4861
26.089722029999997 0.4888
26.120522029999997 0.4888
26.15122203 0.4814
26.18202203 0.4782
26.212822029999998 0.4768
26.24352203 0.476
26.27432203 0.4747
26.30512203 0.4735
26.335822030000003 0.4724
26.366622030000002 0.4712
26.39742203 0.4696
26.428122029999997 0.4678
26.458922029999997 0.4656
26.48962203 0.4622
26.52042203 0.459
26.551222029999998 0.4573
26.58192203 0.4562
26.61272203 0.4554
26.64352203 0.455
26.674222030000003 0.4543
26.705022030000002 0.4531
26.73582203 0.4518
26.766522029999997 0.4505
26.797322029999997 0.4491
26.828122029999996 0.4476
26.85882203 0.4463
26.889622029999998 0.4455
26.920422029999997 0.4448
26.95112203 0.444
26.98192203 0.4426
27.01272203 0.4408
27.043422030000002 0.4394
27.07422203 0.4385
27.10502203 0.4378
27.135722029999997 0.4371
27.166522029999996 0.4365
27.197322030000002 0.4361
27.228022029999998 0.4357
27.258822029999997 0.4354
27.289622029999997 0.4351
27.32032203 0.4369
27.35112203 0.438
27.38192203 0.4367
27.41262203 0.4377
27.44342203 0.4397
27.47422203 0.44
27.504922029999996 0.4393
27.535722030000002 0.4371
27.56652203 0.4338
27.597222029999998 0.4308
27.628022029999997 0.4286
27.658822029999996 0.4269
27.68952203 0.4256
27.72032203 0.4243
27.751122029999998 0.4225
27.78182203 0.4215
27.81262203 0.4204
27.84342203 0.4194
27.874122030000002 0.4227
27.90492203 0.4228
27.93572203 0.4192
27.966422029999997 0.4151
27.997222029999996 0.4116
28.028022030000002 0.4085
28.05872203 0.4058
28.089522029999998 0.4032
28.120322029999997 0.4009
28.15102203 0.3992
28.18182203 0.3974
28.21262203 0.3959
28.24332203 0.3946
28.27412203 0.3934
28.30492203 0.3923
28.335622029999996 0.3913
28.366422030000003 0.3902
28.397222030000002 0.3899
28.427922029999998 0.3895
28.458722029999997 0.3889
28.489522029999996 0.3883
28.52022203 0.3985
28.55102203 0.3921
28.581822029999998 0.387
28.61252203 0.3833
28.64332203 0.3811
28.674022029999996 0.3794
28.704822030000003 0.3776
28.735622030000002 0.3762
28.766322029999998 0.375
28.797122029999997 0.3737
28.827922029999996 0.3722
28.85862203 0.3706
28.88942203 0.369
28.920222029999998 0.3674
28.95092203 0.3658
28.98172203 0.3644
29.01252203 0.3629
29.043222030000003 0.3615
29.074022030000002 0.3601
29.10482203 0.3587
29.135522029999997 0.3574
29.166322029999996 0.3561
29.197122030000003 0.3551
29.22782203 0.3543
29.258622029999998 0.3535
29.289422029999997 0.3526
29.32012203 0.3518
29.35092203 0.3513
29.38172203 0.3528
29.412422030000002 0.3546
29.44322203 0.3462
29.47402203 0.3443
29.504722029999996 0.3431
29.535522030000003 0.3419
29.566322030000002 0.3406
29.597022029999998 0.3394
29.627822029999997 0.3381
29.658622029999997 0.3359
29.68932203 0.3337
29.72012203 0.3317
29.750922029999998 0.3418
29.78162203 0.3389
29.81242203 0.3346
29.84322203 0.3295
29.873922030000003 0.3219
29.904722030000002 0.3177
29.93552203 0.3158
29.966222029999997 0.3143
29.997022029999997 0.3135
30.027822029999996 0.3132
30.05852203 0.3104
30.089322029999998 0.308
30.120122029999997 0.3057
30.15082203 0.3044
30.18162203 0.3033
30.21242203 0.3025
30.243122030000002 0.3016
30.27392203 0.3006
30.30472203 0.2997
30.335422029999997 0.2987
30.366222029999996 0.2978
30.397022030000002 0.2976
30.427722029999998 0.2984
30.458522029999997 0.3001
30.489322029999997 0.2949
30.52002203 0.2941
30.55082203 0.294
30.58162203 0.2955
30.61232203 0.2986
30.64312203 0.296
30.67392203 0.2943
30.704622029999996 0.2928
30.735422030000002 0.2914
30.76612203 0.2901
30.796922029999998 0.3011
30.827722029999997 0.3152
30.85842203 0.3065
30.88922203 0.309
30.92002203 0.3112
30.95072203 0.3129
30.98152203 0.3143
31.01232203 0.3148
31.043022029999996 0.3175
31.073822030000002 0.3206
31.10462203 0.3261
31.135322029999998 0.3297
31.166122029999997 0.3332
31.196922029999996 0.3374
31.22762203 0.3415
31.25842203 0.3454
31.289222029999998 0.3503
31.31992203 0.3633
31.35072203 0.3755
31.38152203 0.3851
31.412222030000002 0.3923
31.44302203 0.4091
31.47382203 0.4122
31.504522029999997 0.4159
31.535322029999996 0.4251
31.566122030000002 0.4467
31.59682203 0.4774
31.627622029999998 0.498
31.658422029999997 0.4952
31.68912203 0.4896
31.71992203 0.4917
31.75072203 0.4869
31.78142203 0.4975
31.81222203 0.4744
31.84302203 0.4722
31.873722029999996 0.4704
31.904522030000003 0.4698
31.935322030000002 0.4714
31.966022029999998 0.472
31.996822029999997 0.4714
32.027622029999996 0.4693
32.05832203 0.4749
32.08912203 0.4712
32.11992203 0.4665
32.15062203 0.4603
32.18142203 0.4602
32.21222203 0.4582
32.24292203 0.4586
32.27372203 0.4599
32.30452203 0.4625
32.33522203 0.4664
32.366022029999996 0.4631
32.39682203 0.459
32.42752203 0.4576
32.45832203 0.4573
32.48912203 0.4547
32.51982203 0.4486
32.55062203 0.4508
32.58142203 0.4615
32.61212203 0.4497
32.64292203 0.4493
32.67372203 0.4509
32.704422029999996 0.4429
32.73522203 0.4359
32.76602203 0.4314
32.79672203 0.4319
32.82752203 0.4406
32.85822203 0.4459
32.88902203 0.4477
32.91982203 0.4469
32.95052203 0.4409
32.98132203 0.4313
33.01212203 0.4205
33.042822029999996 0.4035
33.07362203 0.3814
33.10442203 0.3547
33.13512203 0.3322
33.16592203 0.3194
33.19672203 0.308
33.22742203 0.2976
33.25822203 0.2961
33.28902203 0.2826
33.31972203 0.2722
33.35052203 0.2653
33.38132203 0.2625
33.41202203 0.2505
33.44282203 0.2356
33.47362203 0.2177
33.50432203 0.1984
33.53512203 0.1833
33.565922029999996 0.1724
33.59662203 0.1639
33.62742203 0.1551
33.65822203 0.1464
33.68892203 0.1381
33.71972203 0.1315
33.75052203 0.1279
33.78122203 0.1179
33.81202203 0.1085
33.84282203 0.099
33.87352203 0.0896
33.904322029999996 0.0804
33.93512203 0.0703
33.96582203 0.0612
33.99662203 0.054
34.02742203 0.048
34.05812203 0.0327
34.08892203 0.0293
34.11972203 0.0267
34.15042203 0.0242
34.18122203 0.022
34.21202203 0.0199
34.242722029999996 0.018
34.27352203 0.0163
34.30432203 0.0144
34.33502203 0.0122
34.36582203 0.0099
34.396622029999996 0.0073
34.42732203 0.0044
34.45812203 0.002
34.48892203 0.0006
34.51962203 0.0
34.55042203 0.0
34.58122203 0.0
34.61192203 0.0
34.64272203 0.0
34.67352203 0.0
34.70422203 0.0
34.735022029999996 0.0
34.76582203 0.0
34.79652203 0.0
34.82732203 0.0
34.85812203 0.0
34.88882203 0.0
34.91962203 0.0
34.95042203 0.0
34.98112203 0.0
35.01192203 0.0
35.04262203 0.0
35.073422029999996 0.0
35.10422203 0.0
35.13492203 0.0
35.16572203 0.0
35.19652203 0.0
35.22722203 0.0
35.25802203 0.0
35.28882203 0.0
35.31952203 0.0
35.35032203 0.0
35.38112203 0.0
35.411822029999996 0.0
35.44262203 0.0
35.47342203 0.0
35.50412203 0.0
35.53492203 0.0
35.565722029999996 0.0
35.59642203 0.0
35.62722203 0.0
35.65802203 0.0
35.68872203 0.0
35.71952203 0.0
35.75032203 0.0
35.78102203 0.0
35.81182203 0.0
35.84262203 0.0
35.87332203 0.0
35.904122029999996 0.0
35.93492203 0.0
35.96562203 0.0
35.99642203 0.0
36.02722203 0.0
36.05792203 0.0
36.08872203 0.0
36.11952203 0.0
36.15022203 0.0
36.18102203 0.0
36.21182203 0.0
36.242522029999996 0.0
36.27332203 0.0
36.30412203 0.0
36.33482203 0.0
36.36562203 0.0
36.39642203 0.0
36.42712203 0.0
36.45792203 0.0
36.48872203 0.0
36.51942203 0.0
36.55022203 0.0
36.58102203 0.0
36.61172203 0.0
36.64252203 0.0
36.67332203 0.0
36.70402203 0.0
36.73482203 0.0
36.765622029999996 0.0
36.79632203 0.0
36.82712203 0.0
36.85792203 0.0
36.88862203 0.0
36.91942203 0.0
36.95022203 0.0
36.98092203 0.0
37.01172203 0.0
37.04252203 0.0
37.07322203 0.0
37.104022029999996 0.0
37.13472203 0.0
37.16552203 0.0
37.19632203 0.0
37.22702203 0.0
37.25782203 0.0
37.28862203 0.0
37.31932203 0.0
