Energy(eV) Total_DOS
-29.453397 0.000000
-29.429497 0.000000
-29.405697 0.000000
-29.381797 0.000000
-29.357897 0.000000
-29.334097 0.000000
-29.310197 0.000000
-29.286297 0.000000
-29.262497 0.000000
-29.238597 0.000000
-29.214697 0.000000
-29.190897 0.000000
-29.166997 0.000000
-29.143097 0.000000
-29.119297 0.000000
-29.095397 0.000000
-29.071497 0.000000
-29.047697 0.000000
-29.023797 0.000000
-28.999897 0.000000
-28.976097 0.000000
-28.952197 0.000000
-28.928297 0.000000
-28.904497 0.000000
-28.880597 0.000000
-28.856797 0.000000
-28.832897 0.000000
-28.808997 0.000000
-28.785197 0.000000
-28.761297 0.000000
-28.737397 0.000000
-28.713597 0.000000
-28.689697 0.000000
-28.665797 0.000000
-28.641997 0.000000
-28.618097 0.000000
-28.594197 0.000000
-28.570397 0.000000
-28.546497 0.000000
-28.522597 0.000000
-28.498797 0.000000
-28.474897 0.000000
-28.450997 0.000000
-28.427197 0.000000
-28.403297 0.000000
-28.379397 0.000000
-28.355597 0.000000
-28.331697 0.000000
-28.307797 0.000000
-28.283997 0.000000
-28.260097 0.000000
-28.236197 0.000000
-28.212397 0.000000
-28.188497 0.000000
-28.164597 0.000000
-28.140797 0.000000
-28.116897 0.000000
-28.092997 0.000000
-28.069197 0.000000
-28.045297 0.000000
-28.021397 0.000000
-27.997597 0.000000
-27.973697 0.000000
-27.949897 0.000000
-27.925997 0.000000
-27.902097 0.000000
-27.878297 0.000000
-27.854397 0.000000
-27.830497 0.000000
-27.806697 0.000000
-27.782797 0.000000
-27.758897 0.000000
-27.735097 0.000000
-27.711197 0.000000
-27.687297 0.000000
-27.663497 0.000000
-27.639597 0.000000
-27.615697 0.000000
-27.591897 0.000000
-27.567997 0.000000
-27.544097 0.000000
-27.520297 0.000000
-27.496397 0.000000
-27.472497 0.000000
-27.448697 0.000000
-27.424797 0.000000
-27.400897 0.000000
-27.377097 0.000000
-27.353197 0.000000
-27.329297 0.000000
-27.305497 0.000000
-27.281597 38.514600
-27.257697 0.000000
-27.233897 0.000000
-27.209997 0.000000
-27.186097 0.000000
-27.162297 0.000000
-27.138397 0.000000
-27.114497 0.000000
-27.090697 0.000000
-27.066797 0.000000
-27.042897 0.000000
-27.019097 0.000000
-26.995197 0.000000
-26.971397 0.000000
-26.947497 0.000000
-26.923597 0.000000
-26.899797 0.000000
-26.875897 0.000000
-26.851997 0.000000
-26.828197 0.000000
-26.804297 0.000000
-26.780397 0.000000
-26.756597 0.000000
-26.732697 0.000000
-26.708797 0.000000
-26.684997 0.000000
-26.661097 0.000000
-26.637197 0.000000
-26.613397 0.000000
-26.589497 0.000000
-26.565597 0.000000
-26.541797 0.000000
-26.517897 0.000000
-26.493997 0.000000
-26.470197 0.000000
-26.446297 0.000000
-26.422397 0.000000
-26.398597 0.000000
-26.374697 0.000000
-26.350797 0.000000
-26.326997 0.000000
-26.303097 0.000000
-26.279197 0.000000
-26.255397 0.000000
-26.231497 0.000000
-26.207597 0.000000
-26.183797 0.000000
-26.159897 0.000000
-26.135997 0.000000
-26.112197 0.000000
-26.088297 0.000000
-26.064497 0.000000
-26.040597 0.000000
-26.016697 0.000000
-25.992897 0.000000
-25.968997 0.000000
-25.945097 0.000000
-25.921297 0.000000
-25.897397 0.000000
-25.873497 0.000000
-25.849697 0.000000
-25.825797 0.000000
-25.801897 0.000000
-25.778097 0.000000
-25.754197 0.000000
-25.730297 0.000000
-25.706497 0.000000
-25.682597 0.000000
-25.658697 0.000000
-25.634897 0.000000
-25.610997 0.000000
-25.587097 0.000000
-25.563297 0.000000
-25.539397 0.000000
-25.515497 0.000000
-25.491697 0.000000
-25.467797 0.000000
-25.443897 0.000000
-25.420097 0.000000
-25.396197 0.000000
-25.372297 0.000000
-25.348497 0.000000
-25.324597 0.000000
-25.300697 0.000000
-25.276897 0.000000
-25.252997 0.000000
-25.229097 0.000000
-25.205297 0.000000
-25.181397 0.000000
-25.157597 0.000000
-25.133697 0.000000
-25.109797 0.000000
-25.085997 0.000000
-25.062097 0.000000
-25.038197 0.000000
-25.014397 0.000000
-24.990497 0.000000
-24.966597 0.000000
-24.942797 0.000000
-24.918897 0.000000
-24.894997 0.000000
-24.871197 0.000000
-24.847297 0.000000
-24.823397 0.000000
-24.799597 0.000000
-24.775697 0.000000
-24.751797 0.000000
-24.727997 0.000000
-24.704097 0.000000
-24.680197 0.000000
-24.656397 0.000000
-24.632497 0.000000
-24.608597 0.000000
-24.584797 0.000000
-24.560897 0.000000
-24.536997 0.000000
-24.513197 0.000000
-24.489297 0.000000
-24.465397 0.000000
-24.441597 0.000000
-24.417697 0.000000
-24.393797 0.000000
-24.369997 0.000000
-24.346097 0.000000
-24.322197 0.000000
-24.298397 0.000000
-24.274497 0.000000
-24.250597 0.000000
-24.226797 0.000000
-24.202897 0.000000
-24.179097 0.000000
-24.155197 0.000000
-24.131297 0.000000
-24.107497 0.000000
-24.083597 0.000000
-24.059697 0.000000
-24.035897 0.000000
-24.011997 0.000000
-23.988097 0.000000
-23.964297 0.000000
-23.940397 0.000000
-23.916497 0.000000
-23.892697 0.000000
-23.868797 0.000000
-23.844897 0.000000
-23.821097 0.000000
-23.797197 0.000000
-23.773297 0.000000
-23.749497 0.000000
-23.725597 0.000000
-23.701697 0.000000
-23.677897 0.000000
-23.653997 0.000000
-23.630097 0.000000
-23.606297 0.000000
-23.582397 0.000000
-23.558497 0.000000
-23.534697 0.000000
-23.510797 0.000000
-23.486897 0.000000
-23.463097 0.000000
-23.439197 0.000000
-23.415297 0.000000
-23.391497 0.000000
-23.367597 0.000000
-23.343697 0.000000
-23.319897 0.000000
-23.295997 0.000000
-23.272197 0.000000
-23.248297 0.000000
-23.224397 0.000000
-23.200597 0.000000
-23.176697 0.000000
-23.152797 0.000000
-23.128997 0.000000
-23.105097 0.000000
-23.081197 0.000000
-23.057397 0.000000
-23.033497 0.000000
-23.009597 0.000000
-22.985797 0.000000
-22.961897 0.000000
-22.937997 0.000000
-22.914197 0.000000
-22.890297 0.000000
-22.866397 0.000000
-22.842597 0.000000
-22.818697 0.000000
-22.794797 0.000000
-22.770997 0.000000
-22.747097 0.000000
-22.723197 0.000000
-22.699397 0.000000
-22.675497 0.000000
-22.651597 0.000000
-22.627797 0.000000
-22.603897 0.000000
-22.579997 0.000000
-22.556197 0.000000
-22.532297 0.000000
-22.508397 0.000000
-22.484597 0.000000
-22.460697 0.000000
-22.436797 0.000000
-22.412997 0.000000
-22.389097 0.000000
-22.365297 0.000000
-22.341397 0.000000
-22.317497 0.000000
-22.293697 0.000000
-22.269797 0.000000
-22.245897 0.000000
-22.222097 0.000000
-22.198197 0.000000
-22.174297 0.000000
-22.150497 0.000000
-22.126597 0.000000
-22.102697 0.000000
-22.078897 0.000000
-22.054997 0.000000
-22.031097 0.000000
-22.007297 0.000000
-21.983397 0.000000
-21.959497 0.000000
-21.935697 0.000000
-21.911797 0.000000
-21.887897 0.000000
-21.864097 0.000000
-21.840197 0.000000
-21.816297 0.000000
-21.792497 0.000000
-21.768597 0.000000
-21.744697 0.000000
-21.720897 0.000000
-21.696997 0.000000
-21.673097 0.000000
-21.649297 0.000000
-21.625397 0.000000
-21.601497 0.000000
-21.577697 0.000000
-21.553797 0.000000
-21.529897 0.000000
-21.506097 0.000000
-21.482197 0.000000
-21.458297 0.000000
-21.434497 0.000000
-21.410597 0.000000
-21.386797 0.000000
-21.362897 0.000000
-21.338997 0.000000
-21.315197 0.000000
-21.291297 0.000000
-21.267397 0.000000
-21.243597 0.000000
-21.219697 0.000000
-21.195797 0.000000
-21.171997 0.000000
-21.148097 0.000000
-21.124197 0.000000
-21.100397 0.000000
-21.076497 0.000000
-21.052597 0.000000
-21.028797 0.000000
-21.004897 0.000000
-20.980997 0.000000
-20.957197 0.000000
-20.933297 0.000000
-20.909397 0.000000
-20.885597 0.000000
-20.861697 0.000000
-20.837797 0.000000
-20.813997 0.000000
-20.790097 0.000000
-20.766197 0.000000
-20.742397 0.000000
-20.718497 0.000000
-20.694597 0.000000
-20.670797 0.000000
-20.646897 0.000000
-20.622997 0.000000
-20.599197 0.000000
-20.575297 0.000000
-20.551397 0.000000
-20.527597 0.000000
-20.503697 0.000000
-20.479897 0.000000
-20.455997 0.000000
-20.432097 0.000000
-20.408297 0.000000
-20.384397 0.000000
-20.360497 0.000000
-20.336697 0.000000
-20.312797 0.000000
-20.288897 0.000000
-20.265097 0.000000
-20.241197 0.000000
-20.217297 0.000000
-20.193497 0.000000
-20.169597 0.000000
-20.145697 0.000000
-20.121897 0.000000
-20.097997 0.000000
-20.074097 0.000000
-20.050297 0.000000
-20.026397 0.000000
-20.002497 0.000000
-19.978697 0.000000
-19.954797 0.000000
-19.930897 0.000000
-19.907097 0.000000
-19.883197 0.000000
-19.859297 0.000000
-19.835497 0.000000
-19.811597 0.000000
-19.787697 0.000000
-19.763897 0.000000
-19.739997 0.000000
-19.716097 0.000000
-19.692297 0.000000
-19.668397 0.000000
-19.644497 0.000000
-19.620697 0.000000
-19.596797 0.000000
-19.572997 0.000000
-19.549097 0.000000
-19.525197 0.000000
-19.501397 0.000000
-19.477497 0.000000
-19.453597 0.000000
-19.429797 0.000000
-19.405897 0.000000
-19.381997 0.000000
-19.358197 0.000000
-19.334297 0.000000
-19.310397 0.000000
-19.286597 0.000000
-19.262697 0.000000
-19.238797 0.000000
-19.214997 0.000000
-19.191097 0.000000
-19.167197 0.000000
-19.143397 0.000000
-19.119497 0.000000
-19.095597 0.000000
-19.071797 0.000000
-19.047897 0.000000
-19.023997 0.000000
-19.000197 0.000000
-18.976297 0.000000
-18.952397 0.000000
-18.928597 0.000000
-18.904697 0.000000
-18.880797 0.000000
-18.856997 0.000000
-18.833097 0.000000
-18.809197 0.000000
-18.785397 0.000000
-18.761497 0.000000
-18.737597 0.000000
-18.713797 0.000000
-18.689897 0.000000
-18.666097 0.000000
-18.642197 0.000000
-18.618297 0.000000
-18.594497 0.000000
-18.570597 0.000000
-18.546697 0.000000
-18.522897 0.000000
-18.498997 0.000000
-18.475097 0.000000
-18.451297 0.000000
-18.427397 0.000000
-18.403497 0.000000
-18.379697 0.000000
-18.355797 0.000000
-18.331897 0.000000
-18.308097 0.000000
-18.284197 0.000000
-18.260297 0.000000
-18.236497 0.000000
-18.212597 0.000000
-18.188697 0.000000
-18.164897 0.000000
-18.140997 0.000000
-18.117097 0.000000
-18.093297 0.000000
-18.069397 0.000000
-18.045497 0.000000
-18.021697 0.000000
-17.997797 0.000000
-17.973897 0.000000
-17.950097 0.000000
-17.926197 0.000000
-17.902297 0.000000
-17.878497 0.000000
-17.854597 0.000000
-17.830697 0.000000
-17.806897 0.000000
-17.782997 0.000000
-17.759097 0.000000
-17.735297 0.000000
-17.711397 0.000000
-17.687597 0.000000
-17.663697 0.000000
-17.639797 0.000000
-17.615997 0.000000
-17.592097 0.000000
-17.568197 0.000000
-17.544397 0.000000
-17.520497 0.000000
-17.496597 0.000000
-17.472797 0.000000
-17.448897 0.000000
-17.424997 0.000000
-17.401197 0.000000
-17.377297 0.000000
-17.353397 0.000000
-17.329597 0.000000
-17.305697 0.000000
-17.281797 0.000000
-17.257997 0.000000
-17.234097 0.000000
-17.210197 0.000000
-17.186397 0.000000
-17.162497 0.000000
-17.138597 0.000000
-17.114797 0.000000
-17.090897 0.000000
-17.066997 0.000000
-17.043197 0.000000
-17.019297 0.000000
-16.995397 0.000000
-16.971597 0.000000
-16.947697 0.000000
-16.923797 0.000000
-16.899997 0.000000
-16.876097 0.000000
-16.852197 0.000000
-16.828397 0.000000
-16.804497 0.000000
-16.780697 0.000000
-16.756797 0.000000
-16.732897 0.000000
-16.709097 0.000000
-16.685197 0.000000
-16.661297 0.000000
-16.637497 0.000000
-16.613597 0.000000
-16.589697 0.000000
-16.565897 0.000000
-16.541997 0.000000
-16.518097 0.000000
-16.494297 0.000000
-16.470397 0.000000
-16.446497 0.000000
-16.422697 0.000000
-16.398797 0.000000
-16.374897 0.000000
-16.351097 0.000000
-16.327197 0.000000
-16.303297 0.000000
-16.279497 0.000000
-16.255597 0.000000
-16.231697 0.000000
-16.207897 0.000000
-16.183997 0.000000
-16.160097 0.000000
-16.136297 0.000000
-16.112397 0.000000
-16.088497 0.000000
-16.064697 0.000000
-16.040797 0.000000
-16.016897 0.000000
-15.993097 0.000000
-15.969197 0.000000
-15.945297 0.000000
-15.921497 0.000000
-15.897597 0.000000
-15.873797 0.000000
-15.849897 0.000000
-15.825997 0.000000
-15.802197 0.000000
-15.778297 0.000000
-15.754397 0.000000
-15.730597 0.000000
-15.706697 0.000000
-15.682797 0.000000
-15.658997 0.000000
-15.635097 0.000000
-15.611197 0.000000
-15.587397 0.000000
-15.563497 0.000000
-15.539597 0.000000
-15.515797 0.000000
-15.491897 0.000000
-15.467997 0.000000
-15.444197 0.000000
-15.420297 0.000000
-15.396397 0.000000
-15.372597 0.000000
-15.348697 0.000000
-15.324797 0.000000
-15.300997 0.000000
-15.277097 0.000000
-15.253197 0.000000
-15.229397 0.000000
-15.205497 0.000000
-15.181597 0.000000
-15.157797 0.000000
-15.133897 0.000000
-15.109997 0.000000
-15.086197 0.000000
-15.062297 0.000000
-15.038397 0.000000
-15.014597 0.000000
-14.990697 0.000000
-14.966797 0.000000
-14.942997 0.000000
-14.919097 0.000000
-14.895297 0.000000
-14.871397 0.000000
-14.847497 0.000000
-14.823697 0.000000
-14.799797 0.000000
-14.775897 0.000000
-14.752097 0.000000
-14.728197 0.000000
-14.704297 0.000000
-14.680497 0.000000
-14.656597 0.000000
-14.632697 0.000000
-14.608897 0.000000
-14.584997 0.000000
-14.561097 0.000000
-14.537297 0.000000
-14.513397 0.000000
-14.489497 0.000000
-14.465697 0.000000
-14.441797 0.000000
-14.417897 0.000000
-14.394097 0.000000
-14.370197 0.000000
-14.346297 0.000000
-14.322497 0.000000
-14.298597 0.000000
-14.274697 0.000000
-14.250897 0.000000
-14.226997 0.000000
-14.203097 0.000000
-14.179297 0.000000
-14.155397 0.000000
-14.131497 0.000000
-14.107697 0.000000
-14.083797 0.000000
-14.059897 0.000000
-14.036097 0.000000
-14.012197 0.000000
-13.988397 0.000000
-13.964497 0.000000
-13.940597 0.000000
-13.916797 0.000000
-13.892897 0.000000
-13.868997 0.000000
-13.845197 0.000000
-13.821297 0.000000
-13.797397 0.000000
-13.773597 0.000000
-13.749697 0.000000
-13.725797 0.000000
-13.701997 0.000000
-13.678097 0.000000
-13.654197 0.000000
-13.630397 0.000000
-13.606497 0.000000
-13.582597 0.000000
-13.558797 0.000000
-13.534897 0.000000
-13.510997 0.000000
-13.487197 0.000000
-13.463297 0.000000
-13.439397 0.000000
-13.415597 0.000000
-13.391697 0.000000
-13.367797 0.000000
-13.343997 0.000000
-13.320097 0.000000
-13.296197 0.000000
-13.272397 0.000000
-13.248497 0.000000
-13.224597 0.000000
-13.200797 0.000000
-13.176897 0.000000
-13.152997 0.000000
-13.129197 0.000000
-13.105297 0.000000
-13.081497 0.000000
-13.057597 0.000000
-13.033697 0.000000
-13.009897 0.000000
-12.985997 0.000000
-12.962097 0.000000
-12.938297 0.000000
-12.914397 0.000000
-12.890497 0.000000
-12.866697 0.000000
-12.842797 0.000000
-12.818897 0.000000
-12.795097 0.000000
-12.771197 0.000000
-12.747297 0.000000
-12.723497 0.000000
-12.699597 0.000000
-12.675697 0.000000
-12.651897 0.000000
-12.627997 0.000000
-12.604097 0.000000
-12.580297 0.000000
-12.556397 0.000000
-12.532497 0.000000
-12.508697 0.000000
-12.484797 0.000000
-12.460897 0.000000
-12.437097 0.000000
-12.413197 0.000000
-12.389297 0.000000
-12.365497 0.000000
-12.341597 0.000000
-12.317697 0.000000
-12.293897 0.000000
-12.269997 0.000000
-12.246097 2.899900
-12.222297 6.192600
-12.198397 11.375300
-12.174497 16.052900
-12.150697 15.311900
-12.126797 11.394100
-12.102997 9.148500
-12.079097 5.264600
-12.055197 3.171500
-12.031397 1.867700
-12.007497 0.824900
-11.983597 0.000000
-11.959797 0.000000
-11.935897 0.000000
-11.911997 0.000000
-11.888197 0.000000
-11.864297 0.000000
-11.840397 0.000000
-11.816597 0.000000
-11.792697 0.000000
-11.768797 0.000000
-11.744997 0.000000
-11.721097 0.000000
-11.697197 0.000000
-11.673397 0.000000
-11.649497 0.000000
-11.625597 0.000000
-11.601797 0.000000
-11.577897 0.000000
-11.553997 0.000000
-11.530197 0.000000
-11.506297 0.000000
-11.482397 0.000000
-11.458597 0.000000
-11.434697 0.000000
-11.410797 0.000000
-11.386997 0.000000
-11.363097 0.000000
-11.339197 0.000000
-11.315397 0.000000
-11.291497 0.000000
-11.267597 0.000000
-11.243797 0.000000
-11.219897 0.000000
-11.196097 0.000000
-11.172197 0.000000
-11.148297 0.000000
-11.124497 0.000000
-11.100597 0.000000
-11.076697 0.000000
-11.052897 0.000000
-11.028997 0.000000
-11.005097 0.000000
-10.981297 0.000000
-10.957397 0.000000
-10.933497 0.000000
-10.909697 0.000000
-10.885797 6.165300
-10.861897 15.330200
-10.838097 31.879900
-10.814197 56.551800
-10.790297 68.485600
-10.766497 3.900600
-10.742597 5.943800
-10.718697 9.377200
-10.694897 15.852600
-10.670997 14.219300
-10.647097 13.782200
-10.623297 8.496100
-10.599397 4.654000
-10.575497 1.921900
-10.551697 0.000000
-10.527797 0.000000
-10.503897 0.000000
-10.480097 0.000000
-10.456197 0.000000
-10.432297 0.000000
-10.408497 0.000000
-10.384597 0.000000
-10.360697 0.000000
-10.336897 0.000000
-10.312997 0.000000
-10.289197 0.000000
-10.265297 0.000000
-10.241397 0.000000
-10.217597 0.000000
-10.193697 0.000000
-10.169797 0.000000
-10.145997 0.000000
-10.122097 0.000000
-10.098197 0.000000
-10.074397 0.000000
-10.050497 0.000000
-10.026597 0.000000
-10.002797 0.000000
-9.978897 0.000000
-9.954997 0.000000
-9.931197 0.000000
-9.907297 0.000000
-9.883397 0.000000
-9.859597 0.000000
-9.835697 0.000000
-9.811797 0.000000
-9.787997 0.000000
-9.764097 0.000000
-9.740197 0.000000
-9.716397 0.000000
-9.692497 0.000000
-9.668597 0.000000
-9.644797 0.000000
-9.620897 0.000000
-9.596997 0.000000
-9.573197 0.000000
-9.549297 0.000000
-9.525397 0.000000
-9.501597 0.000000
-9.477697 0.000000
-9.453797 0.000000
-9.429997 0.000000
-9.406097 0.000000
-9.382297 0.000000
-9.358397 0.000000
-9.334497 0.000000
-9.310697 0.000000
-9.286797 0.000000
-9.262897 0.000000
-9.239097 0.000000
-9.215197 0.000000
-9.191297 0.000000
-9.167497 0.000000
-9.143597 0.000000
-9.119697 0.000000
-9.095897 0.000000
-9.071997 0.000000
-9.048097 0.000000
-9.024297 0.000000
-9.000397 0.000000
-8.976497 0.000000
-8.952697 0.000000
-8.928797 0.000000
-8.904897 0.000000
-8.881097 0.000000
-8.857197 0.000000
-8.833297 0.000000
-8.809497 0.000000
-8.785597 0.000000
-8.761697 0.000000
-8.737897 0.000000
-8.713997 0.000000
-8.690097 0.000000
-8.666297 0.000000
-8.642397 0.000000
-8.618497 0.000000
-8.594697 0.000000
-8.570797 0.000000
-8.546897 0.000000
-8.523097 0.000000
-8.499197 0.000000
-8.475297 0.000000
-8.451497 0.000000
-8.427597 0.000000
-8.403797 0.000000
-8.379897 0.000000
-8.355997 0.000000
-8.332197 0.000000
-8.308297 0.000000
-8.284397 0.000000
-8.260597 0.000000
-8.236697 0.000000
-8.212797 0.000000
-8.188997 0.000000
-8.165097 0.000000
-8.141197 0.000000
-8.117397 0.000000
-8.093497 0.000000
-8.069597 0.000000
-8.045797 0.000000
-8.021897 0.000000
-7.997997 0.000000
-7.974197 0.000000
-7.950297 0.000000
-7.926397 0.000000
-7.902597 0.000000
-7.878697 0.000000
-7.854797 0.000000
-7.830997 0.000000
-7.807097 0.000000
-7.783197 0.000000
-7.759397 0.000000
-7.735497 0.000000
-7.711597 0.000000
-7.687797 0.000000
-7.663897 0.000000
-7.639997 0.000000
-7.616197 0.000000
-7.592297 0.000000
-7.568397 0.000000
-7.544597 0.000000
-7.520697 0.000000
-7.496897 0.000000
-7.472997 0.000000
-7.449097 0.000000
-7.425297 0.000000
-7.401397 0.000000
-7.377497 0.000000
-7.353697 0.000000
-7.329797 0.000000
-7.305897 0.000000
-7.282097 0.000000
-7.258197 0.000000
-7.234297 0.000000
-7.210497 0.000000
-7.186597 0.000000
-7.162697 0.000000
-7.138897 0.000000
-7.114997 0.000000
-7.091097 0.000000
-7.067297 0.000000
-7.043397 0.000000
-7.019497 0.000000
-6.995697 0.000000
-6.971797 0.000000
-6.947897 0.000000
-6.924097 0.000000
-6.900197 0.000000
-6.876297 0.000000
-6.852497 0.000000
-6.828597 0.000000
-6.804697 0.000000
-6.780897 0.000000
-6.756997 0.000000
-6.733097 0.000000
-6.709297 0.000000
-6.685397 0.000000
-6.661497 0.000000
-6.637697 0.000000
-6.613797 0.000000
-6.589997 0.000000
-6.566097 0.000000
-6.542197 0.000000
-6.518397 0.000000
-6.494497 0.000000
-6.470597 0.000000
-6.446797 0.000000
-6.422897 0.000000
-6.398997 0.000000
-6.375197 0.000000
-6.351297 0.000000
-6.327397 0.000000
-6.303597 0.000000
-6.279697 0.000000
-6.255797 0.000000
-6.231997 0.000000
-6.208097 0.000000
-6.184197 0.000000
-6.160397 0.000000
-6.136497 0.000000
-6.112597 0.000000
-6.088797 0.000000
-6.064897 0.000000
-6.040997 0.000000
-6.017197 0.000000
-5.993297 0.000000
-5.969397 0.000000
-5.945597 0.000000
-5.921697 0.000000
-5.897797 0.000000
-5.873997 0.000000
-5.850097 0.000000
-5.826197 0.000000
-5.802397 0.000000
-5.778497 0.000000
-5.754597 0.000000
-5.730797 0.000000
-5.706897 0.000000
-5.682997 0.000000
-5.659197 0.000000
-5.635297 0.000000
-5.611497 0.000000
-5.587597 0.000000
-5.563697 0.000000
-5.539897 0.000000
-5.515997 0.000000
-5.492097 0.000000
-5.468297 0.000000
-5.444397 0.000000
-5.420497 0.000000
-5.396697 0.000000
-5.372797 0.000000
-5.348897 0.000000
-5.325097 0.000000
-5.301197 0.000000
-5.277297 0.000000
-5.253497 0.000000
-5.229597 0.000000
-5.205697 0.000000
-5.181897 0.000000
-5.157997 0.000000
-5.134097 0.000000
-5.110297 0.000000
-5.086397 0.000000
-5.062497 0.000000
-5.038697 0.000000
-5.014797 0.000000
-4.990897 0.000000
-4.967097 0.000000
-4.943197 0.000000
-4.919297 0.000000
-4.895497 0.000000
-4.871597 0.000000
-4.847697 0.000000
-4.823897 0.000000
-4.799997 0.000000
-4.776097 0.000000
-4.752297 0.000000
-4.728397 0.000000
-4.704597 0.000000
-4.680697 0.000000
-4.656797 0.000000
-4.632997 0.000000
-4.609097 0.000000
-4.585197 0.000000
-4.561397 0.000000
-4.537497 0.000000
-4.513597 0.000000
-4.489797 0.000000
-4.465897 0.000000
-4.441997 0.000000
-4.418197 0.000000
-4.394297 0.000000
-4.370397 0.000000
-4.346597 0.000000
-4.322697 0.000000
-4.298797 0.000000
-4.274997 0.000000
-4.251097 0.000000
-4.227197 0.000000
-4.203397 0.000000
-4.179497 0.000000
-4.155597 0.000000
-4.131797 0.000000
-4.107897 0.000000
-4.083997 0.000000
-4.060197 0.000000
-4.036297 0.000000
-4.012397 0.000000
-3.988597 0.000000
-3.964697 0.000000
-3.940797 0.000000
-3.916997 0.000000
-3.893097 0.000000
-3.869197 0.000000
-3.845397 0.000000
-3.821497 0.000000
-3.797697 0.000000
-3.773797 0.000000
-3.749897 0.000000
-3.726097 0.000000
-3.702197 0.000000
-3.678297 0.000000
-3.654497 0.000000
-3.630597 0.000000
-3.606697 0.000000
-3.582897 0.000000
-3.558997 0.000000
-3.535097 0.000000
-3.511297 0.000000
-3.487397 0.000000
-3.463497 0.000000
-3.439697 0.000000
-3.415797 0.000000
-3.391897 0.000000
-3.368097 0.000000
-3.344197 0.000000
-3.320297 0.000000
-3.296497 0.000000
-3.272597 0.000000
-3.248697 0.000000
-3.224897 0.000000
-3.200997 0.000000
-3.177097 0.000000
-3.153297 0.000000
-3.129397 0.000000
-3.105497 0.000000
-3.081697 0.000000
-3.057797 0.000000
-3.033897 0.000000
-3.010097 0.000000
-2.986197 0.000000
-2.962297 0.000000
-2.938497 0.000000
-2.914597 0.000000
-2.890697 0.000000
-2.866897 0.000000
-2.842997 0.000000
-2.819197 0.000000
-2.795297 0.000000
-2.771397 0.000000
-2.747597 0.000000
-2.723697 0.000000
-2.699797 0.000000
-2.675997 0.000000
-2.652097 0.000000
-2.628197 0.000000
-2.604397 0.000000
-2.580497 0.000000
-2.556597 0.000000
-2.532797 0.000000
-2.508897 0.000000
-2.484997 0.000000
-2.461197 0.000000
-2.437297 0.000000
-2.413397 0.000000
-2.389597 0.000000
-2.365697 0.000000
-2.341797 0.000000
-2.317997 0.000000
-2.294097 0.000000
-2.270197 0.000000
-2.246397 0.000000
-2.222497 0.000000
-2.198597 0.000000
-2.174797 0.000000
-2.150897 0.000000
-2.126997 0.000000
-2.103197 0.000000
-2.079297 0.000000
-2.055397 0.000000
-2.031597 0.000000
-2.007697 0.000000
-1.983797 0.000000
-1.959997 0.000000
-1.936097 0.000000
-1.912297 0.000000
-1.888397 0.000000
-1.864497 0.000000
-1.840697 0.000000
-1.816797 0.000000
-1.792897 0.000000
-1.769097 0.000000
-1.745197 0.000000
-1.721297 0.000000
-1.697497 0.000000
-1.673597 0.000000
-1.649697 0.000000
-1.625897 0.000000
-1.601997 0.000000
-1.578097 0.000000
-1.554297 0.000000
-1.530397 0.000000
-1.506497 0.000000
-1.482697 0.000000
-1.458797 0.000000
-1.434897 0.000000
-1.411097 0.000000
-1.387197 0.000000
-1.363297 0.000000
-1.339497 0.000000
-1.315597 0.000000
-1.291697 0.000000
-1.267897 0.000000
-1.243997 0.000000
-1.220097 0.000000
-1.196297 0.000000
-1.172397 0.000000
-1.148497 0.000000
-1.124697 0.000000
-1.100797 0.000000
-1.076897 0.000000
-1.053097 0.000000
-1.029197 0.000000
-1.005397 0.000000
-0.981497 0.489200
-0.957597 0.864500
-0.933797 1.249900
-0.909897 1.549400
-0.885997 1.905500
-0.862197 2.329300
-0.838297 2.818500
-0.814397 3.387200
-0.790597 4.317800
-0.766697 6.363900
-0.742797 6.272600
-0.718997 7.147400
-0.695097 8.021200
-0.671197 7.762000
-0.647397 7.087100
-0.623497 5.736800
-0.599597 4.527300
-0.575797 3.115700
-0.551897 1.614100
-0.527997 1.167900
-0.504197 1.525100
-0.480297 3.125700
-0.456397 4.739100
-0.432597 6.040100
-0.408697 7.733200
-0.384797 8.488400
-0.360997 10.283800
-0.337097 13.945400
-0.313197 32.518500
-0.289397 20.891800
-0.265497 16.145500
-0.241597 13.764400
-0.217797 9.677500
-0.193897 7.547000
-0.169997 6.048900
-0.146197 4.787100
-0.122297 3.877500
-0.098397 3.058000
-0.074597 2.282600
-0.050697 1.512900
-0.026897 0.449800
-0.002997 0.000000
0.020903 0.000000
0.044703 0.000000
0.068603 0.000000
0.092503 0.000000
0.116303 0.000000
0.140203 0.000000
0.164103 0.000000
0.187903 0.000000
0.211803 0.000000
0.235703 0.000000
0.259503 0.000000
0.283403 0.000000
0.307303 0.000000
0.331103 0.000000
0.355003 0.000000
0.378903 0.000000
0.402703 0.000000
0.426603 0.000000
0.450503 0.000000
0.474303 0.000000
0.498203 0.000000
0.522103 0.000000
0.545903 0.000000
0.569803 0.000000
0.593703 0.000000
0.617503 0.000000
0.641403 0.000000
0.665303 0.000000
0.689103 0.000000
0.713003 0.000000
0.736903 0.000000
0.760703 0.000000
0.784603 0.000000
0.808503 0.000000
0.832303 0.000000
0.856203 0.000000
0.880003 0.000000
0.903903 0.000000
0.927803 0.000000
0.951603 0.000000
0.975503 0.000000
0.999403 0.000000
1.023203 0.000000
1.047103 0.000000
1.071003 0.000000
1.094803 0.000000
1.118703 0.000000
1.142603 0.000000
1.166403 0.000000
1.190303 0.000000
1.214203 0.000000
1.238003 0.000000
1.261903 0.000000
1.285803 0.000000
1.309603 0.000000
1.333503 0.000000
1.357403 0.000000
1.381203 0.000000
1.405103 0.000000
1.429003 0.000000
1.452803 0.000000
1.476703 0.000000
1.500603 0.000000
1.524403 0.000000
1.548303 0.000000
1.572203 0.000000
1.596003 0.000000
1.619903 0.000000
1.643803 0.000000
1.667603 0.000000
1.691503 0.000000
1.715403 0.000000
1.739203 0.000000
1.763103 0.000000
1.786903 0.000000
1.810803 0.000000
1.834703 0.000000
1.858503 0.000000
1.882403 0.000000
1.906303 0.000000
1.930103 0.000000
1.954003 0.000000
1.977903 0.000000
2.001703 0.000000
2.025603 0.000000
2.049503 0.000000
2.073303 0.000000
2.097203 0.000000
2.121103 0.000000
2.144903 0.000000
2.168803 0.000000
2.192703 0.000000
2.216503 0.000000
2.240403 0.000000
2.264303 0.000000
2.288103 0.000000
2.312003 0.000000
2.335903 0.000000
2.359703 0.000000
2.383603 0.000000
2.407503 0.000000
2.431303 0.000000
2.455203 0.000000
2.479103 0.000000
2.502903 0.000000
2.526803 0.000000
2.550703 0.000000
2.574503 0.000000
2.598403 0.000000
2.622303 0.000000
2.646103 0.000000
2.670003 0.000000
2.693803 0.000000
2.717703 0.000000
2.741603 0.000000
2.765403 0.000000
2.789303 0.000000
2.813203 0.000000
2.837003 0.000000
2.860903 0.000000
2.884803 0.000000
2.908603 0.000000
2.932503 0.000000
2.956403 0.000000
2.980203 0.000000
3.004103 0.000000
3.028003 0.000000
3.051803 0.000000
3.075703 0.000000
3.099603 0.000000
3.123403 0.000000
3.147303 0.000000
3.171203 0.000000
3.195003 0.000000
3.218903 0.000000
3.242803 0.000000
3.266603 0.000000
3.290503 0.000000
3.314403 0.000000
3.338203 0.000000
3.362103 0.000000
3.386003 0.000000
3.409803 0.000000
3.433703 0.000000
3.457603 0.000000
3.481403 0.000000
3.505303 0.000000
3.529203 0.000000
3.553003 0.000000
3.576903 0.000000
3.600803 0.000000
3.624603 0.000000
3.648503 0.000000
3.672303 0.000000
3.696203 0.000000
3.720103 0.000000
3.743903 0.000000
3.767803 0.000000
3.791703 0.000000
3.815503 0.000000
3.839403 0.000000
3.863303 0.000000
3.887103 0.000000
3.911003 0.000000
3.934903 0.000000
3.958703 0.000000
3.982603 0.000000
4.006503 0.000000
4.030303 0.000000
4.054203 0.000000
4.078103 0.000000
4.101903 0.000000
4.125803 0.000000
4.149703 0.000000
4.173503 0.000000
4.197403 0.000000
4.221303 0.000000
4.245103 0.000000
4.269003 0.000000
4.292903 0.000000
4.316703 0.000000
4.340603 0.000000
4.364503 0.000000
4.388303 0.000000
4.412203 0.000000
4.436103 0.000000
4.459903 0.000000
4.483803 0.000000
4.507703 0.000000
4.531503 0.000000
4.555403 0.000000
4.579203 0.000000
4.603103 0.000000
4.627003 0.000000
4.650803 0.000000
4.674703 0.000000
4.698603 0.000000
4.722403 0.000000
4.746303 0.000000
4.770203 0.000000
4.794003 0.000000
4.817903 0.000000
4.841803 0.000000
4.865603 0.000000
4.889503 0.000000
4.913403 0.000000
4.937203 0.000000
4.961103 0.000000
4.985003 0.000000
5.008803 0.000000
5.032703 0.000200
5.056603 0.004100
5.080403 0.013100
5.104303 0.027200
5.128203 0.046500
5.152003 0.045000
5.175903 0.048100
5.199803 0.053400
5.223603 0.058900
5.247503 0.064700
5.271403 0.070600
5.295203 0.076700
5.319103 0.082600
5.343003 0.087700
5.366803 0.091700
5.390703 0.094900
5.414603 0.098400
5.438403 0.102600
5.462303 0.107100
5.486103 0.111700
5.510003 0.116300
5.533903 0.121000
5.557703 0.125800
5.581603 0.130600
5.605503 0.135400
5.629303 0.140300
5.653203 0.144600
5.677103 0.149200
5.700903 0.153800
5.724803 0.158400
5.748703 0.163100
5.772503 0.167700
5.796403 0.172400
5.820303 0.177200
5.844103 0.182000
5.868003 0.186800
5.891903 0.191800
5.915703 0.196700
5.939603 0.201700
5.963503 0.206700
5.987303 0.211800
6.011203 0.217000
6.035103 0.222600
6.058903 0.228400
6.082803 0.234300
6.106703 0.240000
6.130503 0.245800
6.154403 0.251600
6.178303 0.257400
6.202103 0.263300
6.226003 0.269300
6.249903 0.275400
6.273703 0.281400
6.297603 0.287400
6.321503 0.293500
6.345303 0.299600
6.369203 0.305700
6.393103 0.311900
6.416903 0.318200
6.440803 0.325700
6.464603 0.333500
6.488503 0.341500
6.512403 0.349800
6.536203 0.358300
6.560103 0.386400
6.584003 0.476100
6.607803 0.561800
6.631703 0.636800
6.655603 0.669700
6.679403 0.697600
6.703303 0.742400
6.727203 0.789400
6.751003 0.838900
6.774903 0.890600
6.798803 0.927300
6.822603 0.966600
6.846503 1.017100
6.870403 1.079300
6.894203 1.145300
6.918103 1.203300
6.942003 1.172300
6.965803 1.169700
6.989703 1.209700
7.013603 1.259800
7.037403 1.281600
7.061303 1.289500
7.085203 1.355600
7.109003 1.430600
7.132903 1.481800
7.156803 1.513200
7.180603 1.555900
7.204503 1.590500
7.228403 1.635600
7.252203 1.725800
7.276103 1.743900
7.300003 1.832100
7.323803 1.929500
7.347703 2.038200
7.371503 2.142100
7.395403 2.241700
7.419303 2.361500
7.443103 2.559900
7.467003 2.596400
7.490903 2.593200
7.514703 2.673700
7.538603 2.700800
7.562503 2.805600
7.586303 3.004000
7.610203 3.173400
7.634103 3.240300
7.657903 3.211500
7.681803 3.108400
7.705703 2.868700
7.729503 2.528100
7.753403 2.409600
7.777303 2.288000
7.801103 2.404100
7.825003 1.594400
7.848903 1.642300
7.872703 1.808500
7.896603 1.992300
7.920503 2.182300
7.944303 2.284800
7.968203 2.337400
7.992103 2.381900
8.015903 2.467400
8.039803 2.562400
8.063703 2.571600
8.087503 2.797100
8.111403 2.833400
8.135303 2.699300
8.159103 3.081800
8.183003 2.910100
8.206903 2.884700
8.230703 2.772200
8.254603 2.692700
8.278403 2.651100
8.302303 2.579900
8.326203 2.141000
8.350003 1.737100
8.373903 1.423400
8.397803 1.051500
8.421603 0.975200
8.445503 0.884600
8.469403 0.857600
8.493203 0.867800
8.517103 0.854700
8.541003 0.845900
8.564803 0.822600
8.588703 0.785600
8.612603 0.761500
8.636403 0.744100
8.660303 0.740600
8.684203 0.719600
8.708003 0.681300
8.731903 0.569800
8.755803 0.438100
8.779603 0.450900
8.803503 0.467200
8.827403 0.472500
8.851203 0.479600
8.875103 0.491700
8.899003 0.506700
8.922803 0.533300
8.946703 0.563400
8.970603 0.597500
8.994403 0.635700
9.018303 0.677900
9.042203 0.724400
9.066003 0.774500
9.089903 0.828000
9.113803 0.886000
9.137603 0.953100
9.161503 1.106700
9.185403 1.263100
9.209203 1.426000
9.233103 1.660100
9.256903 1.816200
9.280803 1.987700
9.304703 2.033900
9.328503 2.025300
9.352403 2.115300
9.376303 2.193100
9.400103 2.271900
9.424003 2.363400
9.447903 2.507700
9.471703 2.691900
9.495603 2.823000
9.519503 3.015100
9.543303 2.966900
9.567203 3.020800
9.591103 3.115500
9.614903 3.226300
9.638803 3.351800
9.662703 3.549300
9.686503 3.499800
9.710403 3.569200
9.734303 3.719300
9.758103 3.909600
9.782003 4.311700
9.805903 4.647400
9.829703 4.490100
9.853603 5.097500
9.877503 5.340100
9.901303 5.234100
9.925203 5.871900
9.949103 5.950100
9.972903 5.497600
9.996803 5.132300
10.020703 4.936700
10.044503 5.036400
10.068403 5.321800
10.092303 5.429500
10.116103 5.477100
10.140003 5.087600
10.163803 4.964500
10.187703 4.905600
10.211603 5.009000
10.235403 4.976400
10.259303 5.142900
10.283203 4.916000
10.307003 4.553100
10.330903 4.605400
10.354803 3.786200
10.378603 3.681200
10.402503 3.454500
10.426403 3.431700
10.450203 3.562800
10.474103 3.673900
10.498003 3.856600
10.521803 3.842200
10.545703 3.818600
10.569603 3.956800
10.593403 4.021900
10.617303 4.061500
10.641203 3.773200
10.665003 3.326100
10.688903 3.071500
10.712803 2.877300
10.736603 2.682500
10.760503 2.514700
10.784403 2.415100
10.808203 2.310600
10.832103 2.215900
10.856003 2.081600
10.879803 1.998200
10.903703 1.948100
10.927603 1.916200
10.951403 1.957600
10.975303 2.017800
10.999203 2.124100
11.023003 2.194300
11.046903 2.214900
11.070703 2.199300
11.094603 2.174900
11.118503 2.164000
11.142303 2.161000
11.166203 2.163400
11.190103 2.167600
11.213903 2.234400
11.237803 2.231500
11.261703 2.252200
11.285503 2.301900
11.309403 2.434000
11.333303 2.781500
11.357103 2.687100
11.381003 2.830300
11.404903 3.032600
11.428703 3.379300
11.452603 2.959000
11.476503 1.737900
11.500303 1.710900
11.524203 1.737900
11.548103 1.831200
11.571903 1.430000
11.595803 1.774700
11.619703 2.424200
11.643503 3.673200
11.667403 6.089200
11.691303 5.560300
11.715103 4.238000
11.739003 3.631700
11.762903 3.337000
11.786703 3.116800
11.810603 3.019300
11.834503 2.811700
11.858303 2.545500
11.882203 2.360600
11.906103 2.281100
11.929903 2.167700
11.953803 2.067100
11.977603 1.974300
12.001503 1.901000
12.025403 1.839400
12.049203 1.803600
12.073103 1.777600
12.097003 1.664100
12.120803 1.532500
12.144703 1.514500
12.168603 1.456600
12.192403 1.454000
12.216303 1.417500
12.240203 1.409700
12.264003 1.430700
12.287903 1.481800
12.311803 1.539900
12.335603 1.603400
12.359503 1.736200
12.383403 2.330400
12.407203 2.341800
12.431103 2.114400
12.455003 2.157400
12.478803 2.030800
12.502703 1.810400
12.526603 1.657600
12.550403 1.563000
12.574303 1.489700
12.598203 1.430300
12.622003 1.383100
12.645903 1.344100
12.669803 1.312300
12.693603 1.287900
12.717503 1.280000
12.741403 1.280200
12.765203 1.285600
12.789103 1.291700
12.813003 1.283400
12.836803 1.273800
12.860703 1.263200
12.884603 1.253600
12.908403 1.242200
12.932303 1.218900
12.956103 1.204900
12.980003 1.175300
13.003903 1.275800
13.027703 1.300500
13.051603 1.285800
13.075503 1.266500
13.099303 1.244800
13.123203 1.216000
13.147103 1.176300
13.170903 1.293900
13.194803 1.277100
13.218703 1.221400
13.242503 1.120900
13.266403 1.043100
13.290303 0.982000
13.314103 0.935100
13.338003 0.892200
13.361903 0.850400
13.385703 0.811900
13.409603 0.778700
13.433503 0.754700
13.457303 0.735400
13.481203 0.709100
13.505103 0.660600
13.528903 0.676600
13.552803 0.702500
13.576703 0.726000
13.600503 0.742000
13.624403 0.751200
13.648303 0.756300
13.672103 0.775000
13.696003 0.775300
13.719903 0.648300
13.743703 0.552100
13.767603 0.490000
13.791503 0.468300
13.815303 0.450300
13.839203 0.433700
13.863003 0.418300
13.886903 0.439800
13.910803 0.419700
13.934603 0.400800
13.958503 0.388000
13.982403 0.387600
14.006203 0.383200
14.030103 0.376200
14.054003 0.367800
14.077803 0.324400
14.101703 0.296400
14.125603 0.279400
14.149403 0.269200
14.173303 0.263700
14.197203 0.248300
14.221003 0.221900
14.244903 0.199800
14.268803 0.181800
14.292603 0.168000
14.316503 0.157800
14.340403 0.148600
14.364203 0.140200
14.388103 0.132600
14.412003 0.124800
14.435803 0.109800
14.459703 0.097800
14.483603 0.093100
14.507403 0.090200
14.531303 0.087300
14.555203 0.084600
14.579003 0.081800
14.602903 0.079100
14.626803 0.076500
14.650603 0.073900
14.674503 0.071300
14.698403 0.068900
14.722203 0.066500
14.746103 0.064200
14.769903 0.062000
14.793803 0.059900
14.817703 0.057800
14.841503 0.055800
14.865403 0.054000
14.889303 0.052100
14.913103 0.050400
14.937003 0.048800
14.960903 0.047200
14.984703 0.045700
15.008603 0.044300
15.032503 0.043100
15.056303 0.042100
15.080203 0.041500
15.104103 0.041100
15.127903 0.040500
15.151803 0.039800
15.175703 0.038900
15.199503 0.037900
15.223403 0.036800
15.247303 0.035500
15.271103 0.034200
15.295003 0.032900
15.318903 0.031700
15.342703 0.030400
15.366603 0.029200
15.390503 0.028000
15.414303 0.026900
15.438203 0.025700
15.462103 0.024600
15.485903 0.023500
15.509803 0.022500
15.533703 0.021400
15.557503 0.020400
15.581403 0.019400
15.605303 0.018400
15.629103 0.017400
15.653003 0.016500
15.676903 0.015600
15.700703 0.014700
15.724603 0.015500
15.748403 0.016400
15.772303 0.014300
15.796203 0.012400
15.820003 0.010600
15.843903 0.008900
15.867803 0.007300
15.891603 0.006000
15.915503 0.004700
15.939403 0.003600
15.963203 0.002700
15.987103 0.001900
16.011003 0.001200
16.034803 0.000700
16.058703 0.000300
16.082603 0.000100
16.106403 0.000000
16.130303 0.000000
16.154203 0.000000
16.178003 0.000000
16.201903 0.000000
16.225803 0.000000
16.249603 0.000000
16.273503 0.000000
16.297403 0.000000
16.321203 0.000000
16.345103 0.000000
16.369003 0.000000
16.392803 0.000000
16.416703 0.000000
16.440603 0.000000
16.464403 0.000000
16.488303 0.000000
16.512203 0.000000
16.536003 0.000000
16.559903 0.000000
16.583803 0.000000
16.607603 0.000000
16.631503 0.000000
16.655303 0.000000
16.679203 0.000000
16.703103 0.000000
16.726903 0.000000
16.750803 0.000000
16.774703 0.000000
16.798503 0.000000
16.822403 0.000000
16.846303 0.000000
16.870103 0.000000
16.894003 0.000000
16.917903 0.000000
16.941703 0.000000
16.965603 0.000000
16.989503 0.000000
17.013303 0.000000
17.037203 0.000000
17.061103 0.000000
17.084903 0.000000
17.108803 0.000000
17.132703 0.000000
17.156503 0.000000
17.180403 0.000000
17.204303 0.000000
17.228103 0.000000
17.252003 0.000000
17.275903 0.000000
17.299703 0.000000
17.323603 0.000000
17.347503 0.000000
17.371303 0.000000
17.395203 0.000000
17.419103 0.000000
17.442903 0.000000
17.466803 0.000000
17.490703 0.000000
17.514503 0.000000
17.538403 0.000000
17.562203 0.000000
17.586103 0.000000
17.610003 0.000000
17.633803 0.000000
17.657703 0.000000
17.681603 0.000000
17.705403 0.000000
17.729303 0.000000
17.753203 0.000000
17.777003 0.000000
17.800903 0.000000
17.824803 0.000000
17.848603 0.000000
17.872503 0.000000
17.896403 0.000000
17.920203 0.000000
17.944103 0.000000
17.968003 0.000000
17.991803 0.000000
18.015703 0.000000
18.039603 0.000000
18.063403 0.000000
18.087303 0.000000
18.111203 0.000000
18.135003 0.000000
18.158903 0.000000
18.182803 0.000000
18.206603 0.000000
18.230503 0.000000
18.254403 0.000000
18.278203 0.000000
