Energy(eV) Total_DOS
-13.137642 0.000000
-13.122842 0.000000
-13.108042 0.000000
-13.093242 0.000000
-13.078442 0.000000
-13.063642 0.000000
-13.048842 0.000000
-13.034042 0.000000
-13.019142 0.000000
-13.004342 0.000000
-12.989542 0.000000
-12.974742 0.000000
-12.959942 0.000000
-12.945142 0.000000
-12.930342 0.000000
-12.915542 0.000000
-12.900742 0.000000
-12.885842 0.000000
-12.871042 0.000000
-12.856242 0.000000
-12.841442 0.000000
-12.826642 0.000000
-12.811842 0.000000
-12.797042 0.000000
-12.782242 0.000000
-12.767442 0.000000
-12.752542 0.000000
-12.737742 0.000000
-12.722942 0.000000
-12.708142 0.000000
-12.693342 0.000000
-12.678542 0.000000
-12.663742 0.000000
-12.648942 0.000000
-12.634142 0.000000
-12.619242 0.000000
-12.604442 0.000000
-12.589642 0.000000
-12.574842 0.000000
-12.560042 0.000000
-12.545242 0.000000
-12.530442 0.000000
-12.515642 0.000000
-12.500842 0.000000
-12.485942 0.000000
-12.471142 0.000000
-12.456342 0.000000
-12.441542 0.000000
-12.426742 0.000000
-12.411942 0.000000
-12.397142 0.000000
-12.382342 0.000000
-12.367442 0.000000
-12.352642 0.000000
-12.337842 0.000000
-12.323042 0.000000
-12.308242 0.000000
-12.293442 0.000000
-12.278642 0.000000
-12.263842 0.000000
-12.249042 0.000000
-12.234142 0.000000
-12.219342 0.000000
-12.204542 0.000000
-12.189742 0.000000
-12.174942 0.000000
-12.160142 0.000000
-12.145342 0.000000
-12.130542 0.000000
-12.115742 0.000000
-12.100842 0.000000
-12.086042 0.000000
-12.071242 0.000000
-12.056442 0.000000
-12.041642 0.000000
-12.026842 0.000000
-12.012042 0.000000
-11.997242 0.000000
-11.982442 0.000000
-11.967542 0.000000
-11.952742 0.000000
-11.937942 0.000000
-11.923142 0.000000
-11.908342 0.000000
-11.893542 0.000000
-11.878742 0.000000
-11.863942 0.000000
-11.849142 0.000000
-11.834242 0.000000
-11.819442 0.000000
-11.804642 0.000000
-11.789842 0.021400
-11.775042 0.047800
-11.760242 0.065700
-11.745442 0.076900
-11.730642 0.087700
-11.715742 0.102500
-11.700942 0.109600
-11.686142 0.115000
-11.671342 0.122600
-11.656542 0.131400
-11.641742 0.140600
-11.626942 0.147000
-11.612142 0.152000
-11.597342 0.157100
-11.582442 0.163000
-11.567642 0.169200
-11.552842 0.175200
-11.538042 0.182000
-11.523242 0.187800
-11.508442 0.192300
-11.493642 0.196200
-11.478842 0.200700
-11.464042 0.205400
-11.449142 0.210100
-11.434342 0.215300
-11.419542 0.220800
-11.404742 0.226400
-11.389942 0.230800
-11.375142 0.234300
-11.360342 0.237800
-11.345542 0.241800
-11.330742 0.245900
-11.315842 0.249900
-11.301042 0.254200
-11.286242 0.258600
-11.271442 0.263000
-11.256642 0.267500
-11.241842 0.272200
-11.227042 0.275700
-11.212242 0.278900
-11.197442 0.282400
-11.182542 0.285900
-11.167742 0.289400
-11.152942 0.292900
-11.138142 0.296600
-11.123342 0.300500
-11.108542 0.304400
-11.093742 0.308400
-11.078942 0.312500
-11.064142 0.316700
-11.049242 0.320300
-11.034442 0.323300
-11.019642 0.326300
-11.004842 0.329500
-10.990042 0.332700
-10.975242 0.336000
-10.960442 0.339500
-10.945642 0.343000
-10.930742 0.346500
-10.915942 0.350100
-10.901142 0.353700
-10.886342 0.357300
-10.871542 0.361100
-10.856742 0.364900
-10.841942 0.368400
-10.827142 0.371400
-10.812342 0.374400
-10.797442 0.377500
-10.782642 0.380700
-10.767842 0.383800
-10.753042 0.387100
-10.738242 0.390300
-10.723442 0.393600
-10.708642 0.396900
-10.693842 0.400300
-10.679042 0.403900
-10.664142 0.407500
-10.649342 0.411200
-10.634542 0.414900
-10.619742 0.418700
-10.604942 0.421900
-10.590142 0.424800
-10.575342 0.427900
-10.560542 0.431000
-10.545742 0.434000
-10.530842 0.437300
-10.516042 0.440600
-10.501242 0.444000
-10.486442 0.447500
-10.471642 0.450900
-10.456842 0.454400
-10.442042 0.458000
-10.427242 0.461600
-10.412442 0.465200
-10.397542 0.468900
-10.382742 0.472600
-10.367942 0.476300
-10.353142 0.479900
-10.338342 0.483400
-10.323542 0.486700
-10.308742 0.490200
-10.293942 0.493700
-10.279042 0.497200
-10.264242 0.500700
-10.249442 0.504400
-10.234642 0.508000
-10.219842 0.511700
-10.205042 0.515500
-10.190242 0.519200
-10.175442 0.523200
-10.160642 0.527300
-10.145742 0.531500
-10.130942 0.535700
-10.116142 0.540000
-10.101342 0.544400
-10.086542 0.548900
-10.071742 0.553200
-10.056942 0.557200
-10.042142 0.561300
-10.027342 0.565400
-10.012442 0.569600
-9.997642 0.573800
-9.982842 0.578300
-9.968042 0.583100
-9.953242 0.587900
-9.938442 0.592900
-9.923642 0.597900
-9.908842 0.603100
-9.894042 0.608400
-9.879142 0.613900
-9.864342 0.619400
-9.849542 0.625100
-9.834742 0.631000
-9.819942 0.637100
-9.805142 0.643300
-9.790342 0.649600
-9.775542 0.656700
-9.760742 0.663500
-9.745842 0.670600
-9.731042 0.677900
-9.716242 0.685700
-9.701442 0.693900
-9.686642 0.702500
-9.671842 0.711600
-9.657042 0.721200
-9.642242 0.731800
-9.627342 0.743000
-9.612542 0.755400
-9.597742 0.769300
-9.582942 0.785500
-9.568142 0.804600
-9.553342 0.830200
-9.538542 0.859500
-9.523742 0.924500
-9.508942 0.911100
-9.494042 0.907400
-9.479242 0.924900
-9.464442 0.918500
-9.449642 0.902900
-9.434842 0.894600
-9.420042 0.885700
-9.405242 0.881400
-9.390442 0.883500
-9.375642 0.877200
-9.360742 0.870400
-9.345942 0.866800
-9.331142 0.861500
-9.316342 0.854600
-9.301542 0.847800
-9.286742 0.841400
-9.271942 0.837200
-9.257142 0.833800
-9.242342 0.829800
-9.227442 0.826100
-9.212642 0.817900
-9.197842 0.810200
-9.183042 0.806200
-9.168242 0.802200
-9.153442 0.797500
-9.138642 0.792200
-9.123842 0.786600
-9.109042 0.781300
-9.094142 0.776200
-9.079342 0.771400
-9.064542 0.766200
-9.049742 0.762800
-9.034942 0.758200
-9.020142 0.752800
-9.005342 0.744400
-8.990542 0.737000
-8.975742 0.732400
-8.960842 0.727600
-8.946042 0.723100
-8.931242 0.718500
-8.916442 0.713500
-8.901642 0.707500
-8.886842 0.701600
-8.872042 0.695600
-8.857242 0.690800
-8.842342 0.686500
-8.827542 0.682500
-8.812742 0.678000
-8.797942 0.673400
-8.783142 0.668800
-8.768342 0.663300
-8.753542 0.655800
-8.738742 0.648600
-8.723942 0.642900
-8.709042 0.637600
-8.694242 0.632600
-8.679442 0.627400
-8.664642 0.622100
-8.649842 0.616500
-8.635042 0.610800
-8.620242 0.605000
-8.605442 0.599700
-8.590642 0.595100
-8.575742 0.590400
-8.560942 0.585800
-8.546142 0.580300
-8.531342 0.574400
-8.516542 0.568600
-8.501742 0.563000
-8.486942 0.557400
-8.472142 0.550900
-8.457342 0.543500
-8.442442 0.536000
-8.427642 0.530500
-8.412842 0.525300
-8.398042 0.519700
-8.383242 0.514200
-8.368442 0.508900
-8.353642 0.503700
-8.338842 0.498200
-8.324042 0.491800
-8.309142 0.485300
-8.294342 0.478300
-8.279542 0.473500
-8.264742 0.470400
-8.249942 0.465900
-8.235142 0.458100
-8.220342 0.451500
-8.205542 0.444800
-8.190642 0.437700
-8.175842 0.430200
-8.161042 0.423600
-8.146242 0.416400
-8.131442 0.406800
-8.116642 0.395800
-8.101842 0.387800
-8.087042 0.380200
-8.072242 0.372700
-8.057342 0.368900
-8.042542 0.362600
-8.027742 0.355800
-8.012942 0.348600
-7.998142 0.340900
-7.983342 0.339000
-7.968542 0.335500
-7.953742 0.330300
-7.938942 0.460000
-7.924042 0.660100
-7.909242 0.436800
-7.894442 0.345000
-7.879642 0.253300
-7.864842 0.210000
-7.850042 0.171900
-7.835242 0.146200
-7.820442 0.125300
-7.805642 0.106200
-7.790742 0.098300
-7.775942 0.080900
-7.761142 0.096400
-7.746342 0.000000
-7.731542 0.000000
-7.716742 0.000000
-7.701942 0.000000
-7.687142 0.000000
-7.672342 0.000000
-7.657442 0.000000
-7.642642 0.000000
-7.627842 0.000000
-7.613042 0.000000
-7.598242 0.000000
-7.583442 0.000000
-7.568642 0.000000
-7.553842 0.000000
-7.538942 0.000000
-7.524142 0.000000
-7.509342 0.206500
-7.494542 0.210200
-7.479742 0.204700
-7.464942 0.235100
-7.450142 0.238600
-7.435342 0.263600
-7.420542 0.305200
-7.405642 0.404400
-7.390842 0.269300
-7.376042 0.274400
-7.361242 0.279600
-7.346442 0.284800
-7.331642 0.288500
-7.316842 0.293600
-7.302042 0.301200
-7.287242 0.308800
-7.272342 0.316400
-7.257542 0.324000
-7.242742 0.331400
-7.227942 0.339200
-7.213142 0.349400
-7.198342 0.361000
-7.183542 0.372800
-7.168742 0.384500
-7.153942 0.395000
-7.139042 0.405000
-7.124242 0.414000
-7.109442 0.424600
-7.094642 0.435300
-7.079842 0.449600
-7.065042 0.458100
-7.050242 0.465900
-7.035442 0.473400
-7.020642 0.482600
-7.005742 0.491700
-6.990942 0.500500
-6.976142 0.509300
-6.961342 0.519500
-6.946542 0.530900
-6.931742 0.544500
-6.916942 0.558700
-6.902142 0.573600
-6.887342 0.588700
-6.872442 0.603400
-6.857642 0.617200
-6.842842 0.659200
-6.828042 0.770500
-6.813242 0.874500
-6.798442 0.967000
-6.783642 1.048100
-6.768842 1.131600
-6.753942 1.219700
-6.739142 1.323100
-6.724342 1.482300
-6.709542 1.642600
-6.694742 2.230900
-6.679942 2.116400
-6.665142 1.823900
-6.650342 1.600700
-6.635542 1.430600
-6.620642 1.340900
-6.605842 1.269800
-6.591042 1.206900
-6.576242 1.152100
-6.561442 1.105100
-6.546642 1.066200
-6.531842 1.033100
-6.517042 1.004400
-6.502242 0.977800
-6.487342 0.952800
-6.472542 0.929400
-6.457742 0.907400
-6.442942 0.887100
-6.428142 0.868500
-6.413342 0.851000
-6.398542 0.834500
-6.383742 0.819100
-6.368942 0.804400
-6.354042 0.790200
-6.339242 0.776500
-6.324442 0.764100
-6.309642 0.752100
-6.294842 0.740600
-6.280042 0.729400
-6.265242 0.718600
-6.250442 0.708100
-6.235642 0.698000
-6.220742 0.688300
-6.205942 0.678900
-6.191142 0.669700
-6.176342 0.660800
-6.161542 0.652100
-6.146742 0.643700
-6.131942 0.635400
-6.117142 0.627800
-6.102242 0.620300
-6.087442 0.613000
-6.072642 0.605900
-6.057842 0.599000
-6.043042 0.592300
-6.028242 0.585800
-6.013442 0.579300
-5.998642 0.572900
-5.983842 0.566600
-5.968942 0.560500
-5.954142 0.554400
-5.939342 0.548500
-5.924542 0.542600
-5.909742 0.537000
-5.894942 0.531700
-5.880142 0.526400
-5.865342 0.521200
-5.850542 0.516100
-5.835642 0.511000
-5.820842 0.506000
-5.806042 0.501000
-5.791242 0.496100
-5.776442 0.491300
-5.761642 0.486500
-5.746842 0.481900
-5.732042 0.477200
-5.717242 0.472600
-5.702342 0.468000
-5.687542 0.463400
-5.672742 0.459200
-5.657942 0.455100
-5.643142 0.451000
-5.628342 0.446900
-5.613542 0.443000
-5.598742 0.439100
-5.583942 0.435200
-5.569042 0.431300
-5.554242 0.427500
-5.539442 0.423800
-5.524642 0.420000
-5.509842 0.416300
-5.495042 0.412600
-5.480242 0.409000
-5.465442 0.405400
-5.450542 0.401800
-5.435742 0.398300
-5.420942 0.395100
-5.406142 0.391800
-5.391342 0.388600
-5.376542 0.385300
-5.361742 0.382100
-5.346942 0.378900
-5.332142 0.375700
-5.317242 0.372600
-5.302442 0.369400
-5.287642 0.366300
-5.272842 0.363200
-5.258042 0.360100
-5.243242 0.357100
-5.228442 0.354100
-5.213642 0.351100
-5.198842 0.348100
-5.183942 0.345100
-5.169142 0.342300
-5.154342 0.339600
-5.139542 0.336900
-5.124742 0.334200
-5.109942 0.331500
-5.095142 0.328900
-5.080342 0.326300
-5.065542 0.323700
-5.050642 0.321100
-5.035842 0.318500
-5.021042 0.315900
-5.006242 0.313400
-4.991442 0.310800
-4.976642 0.308300
-4.961842 0.305800
-4.947042 0.303300
-4.932242 0.300900
-4.917342 0.298300
-4.902542 0.296100
-4.887742 0.293800
-4.872942 0.291500
-4.858142 0.289300
-4.843342 0.287000
-4.828542 0.284800
-4.813742 0.282500
-4.798842 0.280300
-4.784042 0.278000
-4.769242 0.275800
-4.754442 0.273600
-4.739642 0.271400
-4.724842 0.269200
-4.710042 0.267100
-4.695242 0.264900
-4.680442 0.262800
-4.665542 0.260700
-4.650742 0.258600
-4.635942 0.256400
-4.621142 0.254400
-4.606342 0.252500
-4.591542 0.250600
-4.576742 0.248700
-4.561942 0.246800
-4.547142 0.244900
-4.532242 0.243000
-4.517442 0.241100
-4.502642 0.239200
-4.487842 0.237400
-4.473042 0.235500
-4.458242 0.233700
-4.443442 0.231800
-4.428642 0.230000
-4.413842 0.228100
-4.398942 0.226300
-4.384142 0.224500
-4.369342 0.222700
-4.354542 0.220900
-4.339742 0.219000
-4.324942 0.217400
-4.310142 0.215700
-4.295342 0.214100
-4.280542 0.296700
-4.265642 0.415300
-4.250842 0.460000
-4.236042 0.505300
-4.221242 0.545700
-4.206442 0.608600
-4.191642 0.643600
-4.176842 0.702600
-4.162042 0.747900
-4.147242 0.767700
-4.132342 0.805300
-4.117542 0.844500
-4.102742 0.887300
-4.087942 0.929900
-4.073142 0.976000
-4.058342 1.030100
-4.043542 1.122300
-4.028742 1.201600
-4.013842 1.322200
-3.999042 1.357200
-3.984242 1.316900
-3.969442 1.293100
-3.954642 1.264800
-3.939842 1.253300
-3.925042 1.243500
-3.910242 1.224700
-3.895442 1.207800
-3.880542 1.194800
-3.865742 1.189600
-3.850942 1.179000
-3.836142 1.163500
-3.821342 1.149300
-3.806542 1.130700
-3.791742 1.124300
-3.776942 1.113200
-3.762142 1.097800
-3.747242 1.083500
-3.732442 1.069700
-3.717642 1.057000
-3.702842 1.050300
-3.688042 1.044100
-3.673242 1.038300
-3.658442 1.032600
-3.643642 1.026900
-3.628842 1.020500
-3.613942 1.013500
-3.599142 1.001700
-3.584342 1.034600
-3.569542 1.038100
-3.554742 1.042600
-3.539942 1.035600
-3.525142 1.037800
-3.510342 1.040600
-3.495542 1.043400
-3.480642 1.046600
-3.465842 1.050000
-3.451042 1.049100
-3.436242 1.050100
-3.421442 1.053400
-3.406642 1.056400
-3.391842 1.057500
-3.377042 1.059100
-3.362142 1.061500
-3.347342 1.063900
-3.332542 1.069100
-3.317742 1.072700
-3.302942 1.076600
-3.288142 1.080800
-3.273342 1.084900
-3.258542 1.089000
-3.243742 1.094500
-3.228842 1.101000
-3.214042 1.107900
-3.199242 1.115300
-3.184442 1.123000
-3.169642 1.128200
-3.154842 1.132500
-3.140042 1.136800
-3.125242 1.141100
-3.110442 1.148100
-3.095542 1.156000
-3.080742 1.162800
-3.065942 1.169000
-3.051142 1.175900
-3.036342 1.184500
-3.021542 1.194600
-3.006742 1.205000
-2.991942 1.216600
-2.977142 1.227400
-2.962242 1.238700
-2.947442 1.250400
-2.932642 1.268100
-2.917842 1.282100
-2.903042 1.294500
-2.888242 1.312700
-2.873442 1.331300
-2.858642 1.350400
-2.843842 1.368400
-2.828942 1.388600
-2.814142 1.417900
-2.799342 1.486800
-2.784542 1.552000
-2.769742 1.593000
-2.754942 1.579600
-2.740142 1.561200
-2.725342 1.579000
-2.710442 1.564300
-2.695642 1.546500
-2.680842 1.545600
-2.666042 1.541600
-2.651242 1.537800
-2.636442 1.561700
-2.621642 1.540100
-2.606842 1.526700
-2.592042 1.523200
-2.577142 1.520300
-2.562342 1.513500
-2.547542 1.506300
-2.532742 1.493400
-2.517942 1.488500
-2.503142 1.495600
-2.488342 1.509600
-2.473542 1.492400
-2.458742 1.486900
-2.443842 1.486000
-2.429042 1.481200
-2.414242 1.467700
-2.399442 1.460300
-2.384642 1.456000
-2.369842 1.452500
-2.355042 1.447600
-2.340242 1.444600
-2.325442 1.444300
-2.310542 1.448500
-2.295742 1.438100
-2.280942 1.431300
-2.266142 1.425900
-2.251342 1.425300
-2.236542 1.423200
-2.221742 1.418700
-2.206942 1.412900
-2.192142 1.406600
-2.177242 1.399500
-2.162442 1.392000
-2.147642 1.386800
-2.132842 1.383400
-2.118042 1.382100
-2.103242 1.381400
-2.088442 1.379300
-2.073642 1.379300
-2.058842 1.376500
-2.043942 1.371500
-2.029142 1.366000
-2.014342 1.360100
-1.999542 1.354200
-1.984742 1.347900
-1.969942 1.341700
-1.955142 1.335700
-1.940342 1.329500
-1.925442 1.324600
-1.910642 1.322100
-1.895842 1.322400
-1.881042 1.322900
-1.866242 1.321800
-1.851442 1.317000
-1.836642 1.314400
-1.821842 1.310200
-1.807042 1.305300
-1.792142 1.300200
-1.777342 1.295300
-1.762542 1.290400
-1.747742 1.286700
-1.732942 1.282800
-1.718142 1.278300
-1.703342 1.273100
-1.688542 1.267100
-1.673742 1.262100
-1.658842 1.257800
-1.644042 1.254200
-1.629242 1.251300
-1.614442 1.249700
-1.599642 1.251100
-1.584842 1.249300
-1.570042 1.250800
-1.555242 1.247600
-1.540442 1.243900
-1.525542 1.239200
-1.510742 1.234400
-1.495942 1.228700
-1.481142 1.224500
-1.466342 1.221700
-1.451542 1.218300
-1.436742 1.213800
-1.421942 1.208200
-1.407142 1.203200
-1.392242 1.199600
-1.377442 1.195100
-1.362642 1.191900
-1.347842 1.197900
-1.333042 1.197500
-1.318242 1.192100
-1.303442 1.192900
-1.288642 1.189800
-1.273742 1.190300
-1.258942 1.187000
-1.244142 1.184800
-1.229342 1.175200
-1.214542 1.168300
-1.199742 1.153800
-1.184942 1.118500
-1.170142 1.077100
-1.155342 1.018200
-1.140442 0.950700
-1.125642 0.923900
-1.110842 0.899300
-1.096042 0.876800
-1.081242 0.862000
-1.066442 0.847300
-1.051642 0.805200
-1.036842 0.779800
-1.022042 0.755700
-1.007142 0.732500
-0.992342 0.715400
-0.977542 0.698100
-0.962742 0.679900
-0.947942 0.666300
-0.933142 0.679300
-0.918342 0.642400
-0.903542 0.627900
-0.888742 0.617400
-0.873842 0.607300
-0.859042 0.596700
-0.844242 0.584000
-0.829442 0.573400
-0.814642 0.560300
-0.799842 0.543300
-0.785042 0.529600
-0.770242 0.515900
-0.755442 0.509100
-0.740542 0.496000
-0.725742 0.484000
-0.710942 0.472800
-0.696142 0.462500
-0.681342 0.454400
-0.666542 0.446500
-0.651742 0.437900
-0.636942 0.432300
-0.622042 0.427600
-0.607242 0.418100
-0.592442 0.401000
-0.577642 0.390100
-0.562842 0.388600
-0.548042 0.371100
-0.533242 0.361900
-0.518442 0.353100
-0.503642 0.343800
-0.488742 0.335000
-0.473942 0.327700
-0.459142 0.325100
-0.444342 0.319800
-0.429542 0.313300
-0.414742 0.305000
-0.399942 0.286100
-0.385142 0.277300
-0.370342 0.269100
-0.355442 0.284900
-0.340642 0.257400
-0.325842 0.252700
-0.311042 0.244900
-0.296242 0.236900
-0.281442 0.233800
-0.266642 0.213600
-0.251842 0.204300
-0.237042 0.195500
-0.222142 0.187200
-0.207342 0.178600
-0.192542 0.171700
-0.177742 0.165100
-0.162942 0.172800
-0.148142 0.152500
-0.133342 0.140600
-0.118542 0.128400
-0.103742 0.129000
-0.088842 0.099400
-0.074042 0.078300
-0.059242 0.067100
-0.044442 0.089700
-0.029642 0.055200
-0.014842 0.028000
-0.000042 0.000000
0.014758 0.000000
0.029558 0.000000
0.044458 0.000000
0.059258 0.000000
0.074058 0.000000
0.088858 0.000000
0.103658 0.000000
0.118458 0.000000
0.133258 0.000000
0.148058 0.000000
0.162958 0.000000
0.177758 0.000000
0.192558 0.000000
0.207358 0.000000
0.222158 0.000000
0.236958 0.000000
0.251758 0.000000
0.266558 0.000000
0.281358 0.000000
0.296258 0.000000
0.311058 0.000000
0.325858 0.000000
0.340658 0.000000
0.355458 0.000000
0.370258 0.000000
0.385058 0.000000
0.399858 0.000000
0.414658 0.000000
0.429558 0.000000
0.444358 0.000000
0.459158 0.000000
0.473958 0.000000
0.488758 0.000000
0.503558 0.000000
0.518358 0.000000
0.533158 0.000000
0.547958 0.000000
0.562858 0.000000
0.577658 0.000000
0.592458 0.000000
0.607258 0.000000
0.622058 0.000000
0.636858 0.000000
0.651658 0.000000
0.666458 0.144600
0.681258 0.066100
0.696158 0.074500
0.710958 0.083800
0.725758 0.099400
0.740558 0.116400
0.755358 0.135200
0.770158 0.150100
0.784958 0.166900
0.799758 0.184200
0.814658 0.222100
0.829458 0.241900
0.844258 0.232800
0.859058 0.208800
0.873858 0.228900
0.888658 0.242300
0.903458 0.256000
0.918258 0.269900
0.933058 0.309300
0.947958 0.313400
0.962758 0.318300
0.977558 0.330400
0.992358 0.338200
1.007158 0.347800
1.021958 0.359100
1.036758 0.371000
1.051558 0.377100
1.066358 0.395100
1.081258 0.398600
1.096058 0.399400
1.110858 0.407600
1.125658 0.415700
1.140458 0.422700
1.155258 0.430100
1.170058 0.438600
1.184858 0.447600
1.199658 0.457200
1.214558 0.467500
1.229358 0.491100
1.244158 0.498900
1.258958 0.501400
1.273758 0.506600
1.288558 0.514100
1.303358 0.521800
1.318158 0.529100
1.332958 0.536100
1.347858 0.543300
1.362658 0.551900
1.377458 0.560300
1.392258 0.569100
1.407058 0.575500
1.421858 0.583100
1.436658 0.600500
1.451458 0.610300
1.466358 0.615600
1.481158 0.618800
1.495958 0.625500
1.510758 0.636500
1.525558 0.650200
1.540358 0.666800
1.555158 0.688700
1.569958 0.706500
1.584758 0.739100
1.599658 0.736000
1.614458 0.750400
1.629258 0.764700
1.644058 0.783200
1.658858 0.810800
1.673658 0.826100
1.688458 0.838100
1.703258 0.852100
1.718058 0.863000
1.732958 0.873200
1.747758 0.884200
1.762558 0.898300
1.777358 0.916700
1.792158 0.935400
1.806958 0.944100
1.821758 0.957000
1.836558 0.970900
1.851358 0.985700
1.866258 1.000500
1.881058 1.016900
1.895858 1.034200
1.910658 1.051800
1.925458 1.071700
1.940258 1.093500
1.955058 1.120900
1.969858 1.142500
1.984658 1.154000
1.999558 1.170900
2.014358 1.190200
2.029158 1.211000
2.043958 1.234400
2.058758 1.259800
2.073558 1.287600
2.088358 1.317000
2.103158 1.348200
2.117958 1.382200
2.132858 1.420300
2.147658 1.466900
2.162458 1.581600
2.177258 1.628800
2.192058 1.672200
2.206858 1.703700
2.221658 1.704100
2.236458 1.661000
2.251358 1.672000
2.266158 1.683500
2.280958 1.671100
2.295758 1.664900
2.310558 1.679500
2.325358 1.701700
2.340158 1.672000
2.354958 1.658200
2.369758 1.642300
2.384658 1.626300
2.399458 1.618800
2.414258 1.613200
2.429058 1.616000
2.443858 1.612400
2.458658 1.564200
2.473458 1.552500
2.488258 1.548200
2.503058 1.534800
2.517958 1.548000
2.532758 1.510300
2.547558 1.541700
2.562358 1.496800
2.577158 1.434400
2.591958 1.396500
2.606758 1.365900
2.621558 1.332900
2.636358 1.303700
2.651258 1.277800
2.666058 1.275700
2.680858 1.264900
2.695658 1.250100
2.710458 1.216700
2.725258 1.204100
2.740058 1.220100
2.754858 1.216600
2.769658 1.236000
2.784558 1.221500
2.799358 1.212400
2.814158 1.178900
2.828958 1.162000
2.843758 1.152000
2.858558 1.143000
2.873358 1.160700
2.888158 1.141000
2.903058 1.132200
2.917858 1.119200
2.932658 1.114900
2.947458 1.149600
2.962258 1.144300
2.977058 1.111000
2.991858 1.095800
3.006658 1.114800
3.021458 1.049100
3.036358 1.010800
3.051158 0.989900
3.065958 0.961000
3.080758 0.941900
3.095558 0.925100
3.110358 0.911800
3.125158 0.958700
3.139958 0.953500
3.154758 0.958500
3.169658 0.994500
3.184458 1.023000
3.199258 1.062000
3.214058 1.118200
3.228858 1.211300
3.243658 1.370300
3.258458 1.568300
3.273258 1.936100
3.288058 2.203100
3.302958 2.404900
3.317758 2.576400
3.332558 2.605800
3.347358 2.587900
3.362158 2.520800
3.376958 2.446700
3.391758 2.385100
3.406558 2.287800
3.421358 2.180700
3.436258 2.086100
3.451058 2.011200
3.465858 1.929100
3.480658 1.856300
3.495458 1.792300
3.510258 1.745700
3.525058 1.718700
3.539858 1.704700
3.554758 1.701500
3.569558 1.761900
3.584358 1.714400
3.599158 1.742500
3.613958 1.730200
3.628758 1.734800
3.643558 1.755600
3.658358 1.774200
3.673158 1.801300
3.688058 1.820100
3.702858 1.843200
3.717658 1.866800
3.732458 1.893100
3.747258 1.900500
3.762058 1.906500
3.776858 1.856100
3.791658 1.827300
3.806458 1.792000
3.821358 1.746400
3.836158 1.709000
3.850958 1.668100
3.865758 1.601300
3.880558 1.531900
3.895358 1.495300
3.910158 1.465000
3.924958 1.457400
3.939758 1.425500
3.954658 1.414800
3.969458 1.351700
3.984258 1.320600
3.999058 1.300400
4.013858 1.282600
4.028658 1.264300
4.043458 1.231500
4.058258 1.213300
4.073058 1.201600
4.087958 1.166800
4.102758 1.144200
4.117558 1.130300
4.132358 1.119700
4.147158 1.113900
4.161958 1.111500
4.176758 1.111300
4.191558 1.114200
4.206458 1.118500
4.221258 1.123700
4.236058 1.130800
4.250858 1.142600
4.265658 1.158000
4.280458 1.170600
4.295258 1.164800
4.310058 1.172700
4.324858 1.169800
4.339758 1.175600
4.354558 1.178900
4.369358 1.205900
4.384158 1.228200
4.398958 1.252300
4.413758 1.254800
4.428558 1.278000
4.443358 1.311000
4.458158 1.343700
4.473058 1.375400
4.487858 1.406000
4.502658 1.433600
4.517458 1.467100
4.532258 1.480200
4.547058 1.453600
4.561858 1.433100
4.576658 1.407200
4.591458 1.370400
4.606358 1.337500
4.621158 1.312400
4.635958 1.290400
4.650758 1.269500
4.665558 1.244200
4.680358 1.240000
4.695158 1.245000
4.709958 1.244200
4.724758 1.238600
4.739658 1.244400
4.754458 1.266800
4.769258 1.286500
4.784058 1.295900
4.798858 1.299900
4.813658 1.304800
4.828458 1.308300
4.843258 1.303000
4.858058 1.283400
4.872958 1.258700
4.887758 1.248300
4.902558 1.240800
4.917358 1.231000
4.932158 1.224700
4.946958 1.218800
4.961758 1.216900
4.976558 1.217300
4.991458 1.234300
5.006258 1.214600
5.021058 1.215100
5.035858 1.217300
5.050658 1.218600
5.065458 1.245800
5.080258 1.250200
5.095058 1.236400
5.109858 1.235800
5.124758 1.223800
5.139558 1.222900
5.154358 1.223900
5.169158 1.224900
5.183958 1.224900
5.198758 1.216300
5.213558 1.208800
5.228358 1.203300
5.243158 1.196000
5.258058 1.183500
5.272858 1.199400
5.287658 1.173000
5.302458 1.186400
5.317258 1.185500
5.332058 1.186400
5.346858 1.188500
5.361658 1.190000
5.376458 1.185500
5.391358 1.178700
5.406158 1.178200
5.420958 1.184800
5.435758 1.199900
5.450558 1.199800
5.465358 1.193800
5.480158 1.193300
5.494958 1.193000
5.509758 1.191300
5.524658 1.191400
5.539458 1.169400
5.554258 1.166500
5.569058 1.162200
5.583858 1.159400
5.598658 1.151200
5.613458 1.143300
5.628258 1.136100
5.643158 1.128300
5.657958 1.117000
5.672758 1.105400
5.687558 1.096100
5.702358 1.089200
5.717158 1.083900
5.731958 1.079300
5.746758 1.075700
5.761558 1.075100
5.776458 1.089900
5.791258 1.082400
5.806058 1.082900
5.820858 1.082000
5.835658 1.075300
5.850458 1.073300
5.865258 1.069400
5.880058 1.066500
5.894858 1.062300
5.909758 1.060500
5.924558 1.060900
5.939358 1.050200
5.954158 1.046500
5.968958 1.040600
5.983758 1.036300
5.998558 1.033100
6.013358 1.030800
6.028158 1.027400
6.043058 1.020900
6.057858 1.014700
6.072658 1.013100
6.087458 1.012600
6.102258 1.013100
6.117058 1.013100
6.131858 1.013000
6.146658 1.012600
6.161458 1.011800
6.176358 1.010000
6.191158 1.014900
6.205958 1.015600
6.220758 1.018500
6.235558 1.021600
6.250358 1.023200
6.265158 1.018300
6.279958 1.008500
6.294858 1.004200
6.309658 1.000100
6.324458 0.995800
6.339258 0.991200
6.354058 0.985900
6.368858 0.978100
6.383658 0.981100
6.398458 1.004500
6.413258 0.998700
6.428158 1.007800
6.442958 1.018300
6.457758 1.030300
6.472558 1.061000
6.487358 1.086700
6.502158 1.114700
6.516958 1.133200
6.531758 1.161200
6.546558 1.194700
6.561458 1.236600
6.576258 1.278900
6.591058 1.326100
6.605858 1.390300
6.620658 1.442700
6.635458 1.446400
6.650258 1.455300
6.665058 1.455700
6.679858 1.451200
6.694758 1.435000
6.709558 1.422200
6.724358 1.402200
6.739158 1.377600
6.753958 1.354300
6.768758 1.337700
6.783558 1.327200
6.798358 1.307500
6.813158 1.290300
6.828058 1.272300
6.842858 1.256800
6.857658 1.241800
6.872458 1.230300
6.887258 1.219700
6.902058 1.191500
6.916858 1.160100
6.931658 1.141800
6.946458 1.125600
6.961358 1.110100
6.976158 1.097600
6.990958 1.086700
7.005758 1.075600
7.020558 1.066200
7.035358 1.059700
7.050158 1.055700
7.064958 1.054200
7.079858 1.054500
7.094658 1.057700
7.109458 1.064300
7.124258 1.073200
7.139058 1.080700
7.153858 1.087100
7.168658 1.090800
7.183458 1.101500
7.198258 1.113300
7.213158 1.131300
7.227958 1.135300
7.242758 1.138800
7.257558 1.141900
7.272358 1.132100
7.287158 1.144200
7.301958 1.137800
7.316758 1.158000
7.331558 1.169500
7.346458 1.161100
7.361258 1.146300
7.376058 1.146000
7.390858 1.147400
7.405658 1.149900
7.420458 1.154100
7.435258 1.169800
7.450058 1.190400
7.464858 1.186900
7.479758 1.178700
7.494558 1.184000
7.509358 1.201800
7.524158 1.215400
7.538958 1.227500
7.553758 1.239900
7.568558 1.256800
7.583358 1.281400
7.598158 1.301900
7.613058 1.290500
7.627858 1.296400
7.642658 1.315900
7.657458 1.336600
7.672258 1.321900
7.687058 1.329800
7.701858 1.350200
7.716658 1.353800
7.731558 1.328700
7.746358 1.363800
7.761158 1.401300
7.775958 1.441500
7.790758 1.525700
7.805558 1.461500
7.820358 1.397400
7.835158 1.371900
7.849958 1.358800
7.864858 1.350800
7.879658 1.352600
7.894458 1.348200
7.909258 1.330800
7.924058 1.318000
7.938858 1.318800
7.953658 1.309800
7.968458 1.301100
7.983258 1.320200
7.998158 1.272500
8.012958 1.253200
8.027758 1.228300
8.042558 1.198300
8.057358 1.177900
8.072158 1.163600
8.086958 1.153000
8.101758 1.143300
8.116558 1.137200
8.131458 1.129100
8.146258 1.118400
8.161058 1.119300
8.175858 1.122100
8.190658 1.122600
8.205458 1.125000
8.220258 1.126900
8.235058 1.128700
8.249858 1.130400
8.264758 1.131500
8.279558 1.132500
8.294358 1.135200
8.309158 1.140800
8.323958 1.148800
8.338758 1.155200
8.353558 1.161100
8.368358 1.164400
8.383258 1.158500
8.398058 1.160100
8.412858 1.167000
8.427658 1.171600
8.442458 1.172800
8.457258 1.174600
8.472058 1.178100
8.486858 1.180600
8.501658 1.187600
8.516558 1.187100
8.531358 1.189600
8.546158 1.193200
8.560958 1.204100
8.575758 1.197400
8.590558 1.201100
8.605358 1.204500
8.620158 1.208000
8.634958 1.211900
8.649858 1.215200
8.664658 1.218200
8.679458 1.224000
8.694258 1.233800
8.709058 1.243600
8.723858 1.256900
8.738658 1.265300
8.753458 1.270200
8.768258 1.279000
8.783158 1.282200
8.797958 1.283500
8.812758 1.285900
8.827558 1.289000
8.842358 1.296400
8.857158 1.307300
8.871958 1.322600
8.886758 1.334100
8.901558 1.336900
8.916458 1.338800
8.931258 1.338800
8.946058 1.334400
8.960858 1.339400
8.975658 1.345100
8.990458 1.336100
9.005258 1.329900
9.020058 1.328500
9.034858 1.331600
9.049758 1.336500
9.064558 1.342600
9.079358 1.355300
9.094158 1.377100
9.108958 1.380000
9.123758 1.376100
9.138558 1.380600
9.153358 1.405900
9.168258 1.394300
9.183058 1.404600
9.197858 1.420400
9.212658 1.472800
9.227458 1.435700
9.242258 1.426200
9.257058 1.423800
9.271858 1.419300
9.286658 1.418900
9.301558 1.418400
9.316358 1.417500
9.331158 1.418600
9.345958 1.425300
9.360758 1.421100
9.375558 1.413800
9.390358 1.407800
9.405158 1.403500
9.419958 1.403800
9.434858 1.401300
9.449658 1.397600
9.464458 1.394400
9.479258 1.389400
9.494058 1.386200
9.508858 1.382800
9.523658 1.380200
9.538458 1.377700
9.553258 1.375100
9.568158 1.372200
9.582958 1.368900
9.597758 1.366300
9.612558 1.364300
9.627358 1.362600
9.642158 1.360600
9.656958 1.358400
9.671758 1.356500
9.686558 1.355100
9.701458 1.354500
9.716258 1.363300
9.731058 1.364300
9.745858 1.372200
9.760658 1.372300
9.775458 1.372400
9.790258 1.372000
9.805058 1.371000
9.819958 1.366100
9.834758 1.356100
9.849558 1.366100
9.864358 1.350700
9.879158 1.350600
9.893958 1.349800
9.908758 1.349300
9.923558 1.347800
9.938358 1.345800
9.953258 1.342900
9.968058 1.340000
9.982858 1.339400
9.997658 1.338000
10.012458 1.337000
10.027258 1.336000
10.042058 1.344300
10.056858 1.336300
10.071658 1.336300
10.086558 1.336000
10.101358 1.386100
10.116158 1.327500
10.130958 1.315700
10.145758 1.304400
10.160558 1.281800
10.175358 1.280400
10.190158 1.279100
10.204958 1.277300
10.219858 1.270900
10.234658 1.263900
10.249458 1.251600
10.264258 1.248700
10.279058 1.246900
10.293858 1.245400
10.308658 1.239900
10.323458 1.239000
10.338258 1.236600
10.353158 1.234400
10.367958 1.241300
10.382758 1.235900
10.397558 1.235700
10.412358 1.231200
10.427158 1.223000
10.441958 1.213600
10.456758 1.204500
10.471658 1.192300
10.486458 1.179600
10.501258 1.167500
10.516058 1.151600
10.530858 1.143000
10.545658 1.127200
10.560458 1.120100
10.575258 1.112500
10.590058 1.107300
10.604958 1.108600
10.619758 1.123700
10.634558 1.138600
10.649358 1.151900
10.664158 1.163800
10.678958 1.173600
10.693758 1.193100
10.708558 1.373800
10.723358 1.334900
10.738258 1.442000
10.753058 1.296600
10.767858 1.278300
10.782658 1.264900
10.797458 1.259300
10.812258 1.258200
10.827058 1.258100
10.841858 1.268500
10.856658 1.297900
10.871558 1.320100
10.886358 1.339900
10.901158 1.352900
10.915958 1.364200
10.930758 1.384900
10.945558 1.401700
10.960358 1.388700
10.975158 1.409100
10.989958 1.464600
11.004858 1.414100
11.019658 1.366300
11.034458 1.341300
11.049258 1.321000
11.064058 1.316000
11.078858 1.311400
11.093658 1.318300
11.108458 1.326000
11.123258 1.327700
11.138158 1.344800
11.152958 1.377900
11.167758 1.303000
11.182558 1.287500
11.197358 1.264200
11.212158 1.242800
11.226958 1.199700
11.241758 1.170700
11.256658 1.157400
11.271458 1.123900
11.286258 1.101400
11.301058 1.196900
11.315858 1.031300
11.330658 1.019100
11.345458 1.012300
11.360258 1.007300
11.375058 0.999800
11.389958 0.991500
11.404758 0.956200
11.419558 0.958700
11.434358 0.967300
11.449158 1.000300
11.463958 0.990700
11.478758 0.995000
11.493558 1.002800
11.508358 1.008800
11.523258 1.008700
11.538058 1.002500
11.552858 1.000400
11.567658 0.998100
11.582458 0.998400
11.597258 1.000800
11.612058 1.005300
11.626858 1.014900
11.641658 1.023700
11.656558 1.029800
11.671358 1.037700
11.686158 1.048400
11.700958 1.079700
11.715758 1.113400
11.730558 1.143800
11.745358 1.171900
11.760158 1.193200
11.774958 1.218300
11.789858 1.254500
11.804658 1.278900
11.819458 1.291800
11.834258 1.295500
11.849058 1.306000
11.863858 1.307700
11.878658 1.310200
11.893458 1.322000
11.908358 1.340700
11.923158 1.374300
11.937958 1.400000
11.952758 1.415000
11.967558 1.427600
11.982358 1.445900
11.997158 1.465200
12.011958 1.479900
12.026758 1.496200
12.041658 1.517000
12.056458 1.544500
12.071258 1.567200
12.086058 1.581900
12.100858 1.589200
12.115658 1.589700
12.130458 1.592200
12.145258 1.591300
12.160058 1.583600
12.174958 1.577800
12.189758 1.573600
12.204558 1.574600
12.219358 1.576500
12.234158 1.585400
12.248958 1.584400
12.263758 1.577200
12.278558 1.567600
12.293358 1.553500
12.308258 1.555700
12.323058 1.549300
12.337858 1.541700
12.352658 1.531000
12.367458 1.518700
12.382258 1.505400
12.397058 1.497000
12.411858 1.501600
12.426658 1.492900
12.441558 1.488700
12.456358 1.499400
12.471158 1.494400
12.485958 1.491200
12.500758 1.486800
12.515558 1.487900
12.530358 1.491000
12.545158 1.492800
12.560058 1.529200
12.574858 1.552500
12.589658 1.347500
12.604458 1.324700
12.619258 1.302700
12.634058 1.286400
12.648858 1.273900
12.663658 1.259400
12.678458 1.244900
12.693358 1.234300
12.708158 1.220000
12.722958 1.208200
12.737758 1.198200
12.752558 1.186400
12.767358 1.175100
12.782158 1.164200
12.796958 1.153500
12.811758 1.143400
12.826658 1.133600
12.841458 1.123000
12.856258 1.118100
12.871058 1.114300
12.885858 1.109700
12.900658 1.095100
12.915458 1.098500
12.930258 1.087600
12.945058 1.079800
12.959958 1.064500
12.974758 1.055000
12.989558 1.044900
13.004358 1.034800
13.019158 1.026700
13.033958 1.016900
13.048758 1.008200
13.063558 1.004800
13.078358 0.995300
13.093258 1.027600
13.108058 0.965200
13.122858 0.930200
13.137658 0.908400
13.152458 0.883000
13.167258 0.863300
13.182058 0.847300
13.196858 0.840700
13.211758 0.840900
13.226558 0.835200
13.241358 0.825400
13.256158 0.836500
13.270958 0.779400
13.285758 0.766100
13.300558 0.753800
13.315358 0.748800
13.330158 0.734200
13.345058 0.721000
13.359858 0.709200
13.374658 0.698100
13.389458 0.687700
13.404258 0.677500
13.419058 0.660500
13.433858 0.652600
13.448658 0.645800
13.463458 0.641300
13.478358 0.637400
13.493158 0.632000
13.507958 0.627300
13.522758 0.617100
13.537558 0.612700
13.552358 0.609500
13.567158 0.606700
13.581958 0.604200
13.596758 0.602300
13.611658 0.600500
13.626458 0.599800
13.641258 0.596600
13.656058 0.592700
13.670858 0.589600
13.685658 0.587800
13.700458 0.586500
13.715258 0.585700
13.730058 0.585200
13.744958 0.585100
13.759758 0.585200
13.774558 0.585800
13.789358 0.586400
13.804158 0.586400
13.818958 0.586400
13.833758 0.586400
13.848558 0.586400
13.863358 0.588200
13.878258 0.590400
13.893058 0.594100
13.907858 0.597700
13.922658 0.605400
13.937458 0.607300
13.952258 0.609200
13.967058 0.611100
13.981858 0.613300
13.996758 0.620100
14.011558 0.646200
14.026358 0.640800
14.041158 0.642400
14.055958 0.627900
14.070758 0.632900
14.085558 0.637600
14.100358 0.641000
14.115158 0.642900
14.130058 0.641300
14.144858 0.638600
14.159658 0.634600
14.174458 0.629900
14.189258 0.623200
14.204058 0.607000
14.218858 0.586700
14.233658 0.561300
14.248458 0.511400
14.263358 0.463800
14.278158 0.431400
14.292958 0.404100
14.307758 0.388500
14.322558 0.374200
14.337358 0.361200
14.352158 0.346300
14.366958 0.329900
14.381758 0.312100
14.396658 0.301800
14.411458 0.282100
14.426258 0.262600
14.441058 0.243000
14.455858 0.225400
14.470658 0.210500
14.485458 0.199800
14.500258 0.192700
14.515058 0.186000
14.529958 0.179400
14.544758 0.172500
14.559558 0.166100
14.574358 0.159700
14.589158 0.153200
14.603958 0.146700
14.618758 0.140400
14.633558 0.142500
14.648458 0.136200
14.663258 0.130900
14.678058 0.125500
14.692858 0.120000
14.707658 0.114100
14.722458 0.108300
14.737258 0.104500
14.752058 0.100600
14.766858 0.088600
14.781758 0.077700
14.796558 0.067200
14.811358 0.057100
14.826158 0.047500
14.840958 0.038500
14.855758 0.034200
14.870558 0.029800
14.885358 0.026700
14.900158 0.023900
14.915058 0.021200
14.929858 0.018700
14.944658 0.016400
14.959458 0.014300
14.974258 0.012300
14.989058 0.010500
15.003858 0.009000
15.018658 0.007500
15.033458 0.006300
15.048358 0.005200
15.063158 0.004200
15.077958 0.003200
15.092758 0.002300
15.107558 0.001500
15.122358 0.000700
15.137158 0.000100
15.151958 0.000000
15.166758 0.000000
15.181658 0.000000
15.196458 0.000000
15.211258 0.000000
15.226058 0.000000
15.240858 0.000000
15.255658 0.000000
15.270458 0.000000
15.285258 0.000000
15.300158 0.000000
15.314958 0.000000
15.329758 0.000000
15.344558 0.000000
15.359358 0.000000
15.374158 0.000000
15.388958 0.000000
15.403758 0.000000
15.418558 0.000000
15.433458 0.000000
15.448258 0.000000
15.463058 0.000000
15.477858 0.000000
15.492658 0.000000
15.507458 0.000000
15.522258 0.000000
15.537058 0.000000
15.551858 0.000000
15.566758 0.000000
15.581558 0.000000
15.596358 0.000000
15.611158 0.000000
15.625958 0.000000
15.640758 0.000000
15.655558 0.000000
15.670358 0.000000
15.685158 0.000000
15.700058 0.000000
15.714858 0.000000
15.729658 0.000000
15.744458 0.000000
15.759258 0.000000
15.774058 0.000000
15.788858 0.000000
15.803658 0.000000
15.818458 0.000000
15.833358 0.000000
15.848158 0.000000
15.862958 0.000000
15.877758 0.000000
15.892558 0.000000
15.907358 0.000000
15.922158 0.000000
15.936958 0.000000
15.951758 0.000000
15.966658 0.000000
15.981458 0.000000
15.996258 0.000000
16.011058 0.000000
16.025858 0.000000
16.040658 0.000000
16.055458 0.000000
16.070258 0.000000
16.085158 0.000000
16.099958 0.000000
16.114758 0.000000
16.129558 0.000000
16.144358 0.000000
16.159158 0.000000
16.173958 0.000000
16.188758 0.000000
16.203558 0.000000
16.218458 0.000000
16.233258 0.000000
16.248058 0.000000
16.262858 0.000000
16.277658 0.000000
16.292458 0.000000
16.307258 0.000000
16.322058 0.000000
16.336858 0.000000
16.351758 0.000000
16.366558 0.000000
16.381358 0.000000
16.396158 0.000000
16.410958 0.000000
16.425758 0.000000
16.440558 0.000000
16.455358 0.000000
16.470158 0.000000
16.485058 0.000000
