Energy(eV) Total_DOS
-46.846858 0.000000
-46.809958 0.000000
-46.772958 0.000000
-46.735958 0.000000
-46.699058 0.000000
-46.662058 0.000000
-46.625058 0.000000
-46.588158 0.000000
-46.551158 0.000000
-46.514258 0.000000
-46.477258 0.000000
-46.440258 0.000000
-46.403358 0.000000
-46.366358 0.000000
-46.329358 0.000000
-46.292458 0.000000
-46.255458 0.000000
-46.218558 0.000000
-46.181558 0.000000
-46.144558 0.000000
-46.107658 0.000000
-46.070658 0.000000
-46.033658 0.000000
-45.996758 0.000000
-45.959758 0.000000
-45.922858 0.000000
-45.885858 0.000000
-45.848858 0.000000
-45.811958 0.000000
-45.774958 0.000000
-45.737958 0.000000
-45.701058 0.000000
-45.664058 0.000000
-45.627158 0.000000
-45.590158 0.000000
-45.553158 0.000000
-45.516258 0.000000
-45.479258 0.000000
-45.442258 0.000000
-45.405358 0.000000
-45.368358 0.000000
-45.331458 0.000000
-45.294458 0.000000
-45.257458 0.000000
-45.220558 0.000000
-45.183558 0.000000
-45.146558 0.000000
-45.109658 0.000000
-45.072658 0.000000
-45.035758 0.000000
-44.998758 0.000000
-44.961758 0.000000
-44.924858 0.000000
-44.887858 0.000000
-44.850858 0.000000
-44.813958 0.000000
-44.776958 0.000000
-44.740058 0.000000
-44.703058 0.000000
-44.666058 0.000000
-44.629158 0.000000
-44.592158 0.000000
-44.555158 0.000000
-44.518258 0.000000
-44.481258 0.000000
-44.444258 0.000000
-44.407358 0.000000
-44.370358 0.000000
-44.333458 0.000000
-44.296458 0.000000
-44.259458 0.000000
-44.222558 0.000000
-44.185558 0.000000
-44.148558 0.000000
-44.111658 0.000000
-44.074658 0.000000
-44.037758 0.000000
-44.000758 0.000000
-43.963758 0.000000
-43.926858 0.000000
-43.889858 0.000000
-43.852858 0.000000
-43.815958 0.000000
-43.778958 0.000000
-43.742058 0.000000
-43.705058 0.000000
-43.668058 0.000000
-43.631158 0.000000
-43.594158 0.000000
-43.557158 0.000000
-43.520258 0.000000
-43.483258 0.049600
-43.446358 0.630200
-43.409358 1.049600
-43.372358 5.519700
-43.335458 8.625600
-43.298458 13.851000
-43.261458 18.503000
-43.224558 11.777100
-43.187558 8.564200
-43.150658 6.971500
-43.113658 10.160700
-43.076658 5.671600
-43.039758 7.903800
-43.002758 10.477300
-42.965758 8.301100
-42.928858 9.497300
-42.891858 10.936600
-42.854958 13.741600
-42.817958 15.238100
-42.780958 15.740500
-42.744058 16.896500
-42.707058 17.493100
-42.670058 23.817600
-42.633158 26.498100
-42.596158 22.853800
-42.559158 13.914200
-42.522258 9.190200
-42.485258 4.659800
-42.448358 0.882700
-42.411358 0.000000
-42.374358 0.000000
-42.337458 0.000000
-42.300458 0.000000
-42.263458 0.000000
-42.226558 0.000000
-42.189558 0.000000
-42.152658 0.000000
-42.115658 0.000000
-42.078658 0.000000
-42.041758 0.000000
-42.004758 0.000000
-41.967758 0.000000
-41.930858 0.000000
-41.893858 0.000000
-41.856958 0.000000
-41.819958 0.000000
-41.782958 0.000000
-41.746058 0.000000
-41.709058 0.000000
-41.672058 0.000000
-41.635158 0.000000
-41.598158 0.000000
-41.561258 0.000000
-41.524258 0.000000
-41.487258 0.000000
-41.450358 0.000000
-41.413358 0.000000
-41.376358 0.000000
-41.339458 0.000000
-41.302458 0.000000
-41.265558 0.000000
-41.228558 0.000000
-41.191558 0.000000
-41.154658 0.000000
-41.117658 0.000000
-41.080658 0.000000
-41.043758 0.000000
-41.006758 0.000000
-40.969858 0.000000
-40.932858 0.000000
-40.895858 0.000000
-40.858958 0.000000
-40.821958 0.000000
-40.784958 0.000000
-40.748058 0.000000
-40.711058 0.000000
-40.674158 0.000000
-40.637158 0.000000
-40.600158 0.000000
-40.563258 0.000000
-40.526258 0.000000
-40.489258 0.000000
-40.452358 0.000000
-40.415358 0.000000
-40.378358 0.000000
-40.341458 0.000000
-40.304458 0.000000
-40.267558 0.000000
-40.230558 0.000000
-40.193558 0.000000
-40.156658 0.000000
-40.119658 0.000000
-40.082658 0.000000
-40.045758 0.000000
-40.008758 0.000000
-39.971858 0.000000
-39.934858 0.000000
-39.897858 0.000000
-39.860958 0.000000
-39.823958 0.000000
-39.786958 0.000000
-39.750058 0.000000
-39.713058 0.000000
-39.676158 0.000000
-39.639158 0.000000
-39.602158 0.000000
-39.565258 0.000000
-39.528258 0.000000
-39.491258 0.000000
-39.454358 0.000000
-39.417358 0.000000
-39.380458 0.000000
-39.343458 0.000000
-39.306458 0.000000
-39.269558 0.000000
-39.232558 0.000000
-39.195558 0.000000
-39.158658 0.000000
-39.121658 0.000000
-39.084758 0.000000
-39.047758 0.000000
-39.010758 0.000000
-38.973858 0.000000
-38.936858 0.000000
-38.899858 0.000000
-38.862958 0.000000
-38.825958 0.000000
-38.789058 0.000000
-38.752058 0.000000
-38.715058 0.000000
-38.678158 0.000000
-38.641158 0.000000
-38.604158 0.000000
-38.567258 0.000000
-38.530258 0.000000
-38.493358 0.000000
-38.456358 0.000000
-38.419358 0.000000
-38.382458 0.000000
-38.345458 0.000000
-38.308458 0.000000
-38.271558 0.000000
-38.234558 0.000000
-38.197558 0.000000
-38.160658 0.000000
-38.123658 0.000000
-38.086758 0.000000
-38.049758 0.000000
-38.012758 0.000000
-37.975858 0.000000
-37.938858 0.000000
-37.901858 0.000000
-37.864958 0.000000
-37.827958 0.000000
-37.791058 0.000000
-37.754058 0.000000
-37.717058 0.000000
-37.680158 0.000000
-37.643158 0.000000
-37.606158 0.000000
-37.569258 0.000000
-37.532258 0.000000
-37.495358 0.000000
-37.458358 0.000000
-37.421358 0.000000
-37.384458 0.000000
-37.347458 0.000000
-37.310458 0.000000
-37.273558 0.000000
-37.236558 0.000000
-37.199658 0.000000
-37.162658 0.000000
-37.125658 0.000000
-37.088758 0.000000
-37.051758 0.000000
-37.014758 0.000000
-36.977858 0.000000
-36.940858 0.000000
-36.903958 0.000000
-36.866958 0.000000
-36.829958 0.000000
-36.793058 0.000000
-36.756058 0.000000
-36.719058 0.000000
-36.682158 0.000000
-36.645158 0.000000
-36.608258 0.000000
-36.571258 0.000000
-36.534258 0.000000
-36.497358 0.000000
-36.460358 0.000000
-36.423358 0.000000
-36.386458 0.000000
-36.349458 0.000000
-36.312458 0.000000
-36.275558 0.000000
-36.238558 0.000000
-36.201658 0.000000
-36.164658 0.000000
-36.127658 0.000000
-36.090758 0.000000
-36.053758 0.000000
-36.016758 0.000000
-35.979858 0.000000
-35.942858 0.000000
-35.905958 0.000000
-35.868958 0.000000
-35.831958 0.000000
-35.795058 0.000000
-35.758058 0.000000
-35.721058 0.000000
-35.684158 0.000000
-35.647158 0.000000
-35.610258 0.000000
-35.573258 0.000000
-35.536258 0.000000
-35.499358 0.000000
-35.462358 0.000000
-35.425358 0.000000
-35.388458 0.000000
-35.351458 0.000000
-35.314558 0.000000
-35.277558 0.000000
-35.240558 0.000000
-35.203658 0.000000
-35.166658 0.000000
-35.129658 0.000000
-35.092758 0.000000
-35.055758 0.000000
-35.018858 0.000000
-34.981858 0.000000
-34.944858 0.000000
-34.907958 0.000000
-34.870958 0.000000
-34.833958 0.000000
-34.797058 0.000000
-34.760058 0.000000
-34.723158 0.000000
-34.686158 0.000000
-34.649158 0.000000
-34.612258 0.000000
-34.575258 0.000000
-34.538258 0.000000
-34.501358 0.000000
-34.464358 0.000000
-34.427458 0.000000
-34.390458 0.000000
-34.353458 0.000000
-34.316558 0.000000
-34.279558 0.000000
-34.242558 0.000000
-34.205658 0.000000
-34.168658 0.000000
-34.131658 0.000000
-34.094758 0.000000
-34.057758 0.000000
-34.020858 0.000000
-33.983858 0.000000
-33.946858 0.000000
-33.909958 0.000000
-33.872958 0.000000
-33.835958 0.000000
-33.799058 0.000000
-33.762058 0.000000
-33.725158 0.000000
-33.688158 0.000000
-33.651158 0.000000
-33.614258 0.000000
-33.577258 0.000000
-33.540258 0.000000
-33.503358 0.000000
-33.466358 0.000000
-33.429458 0.000000
-33.392458 0.000000
-33.355458 0.000000
-33.318558 0.000000
-33.281558 0.000000
-33.244558 0.000000
-33.207658 0.000000
-33.170658 0.000000
-33.133758 0.000000
-33.096758 0.000000
-33.059758 0.000000
-33.022858 0.000000
-32.985858 0.000000
-32.948858 0.000000
-32.911958 0.000000
-32.874958 0.000000
-32.838058 0.000000
-32.801058 0.000000
-32.764058 0.000000
-32.727158 0.000000
-32.690158 0.000000
-32.653158 0.000000
-32.616258 0.000000
-32.579258 0.000000
-32.542358 0.000000
-32.505358 0.000000
-32.468358 0.000000
-32.431458 0.000000
-32.394458 0.000000
-32.357458 0.000000
-32.320558 0.000000
-32.283558 0.000000
-32.246658 0.000000
-32.209658 0.000000
-32.172658 0.000000
-32.135758 0.000000
-32.098758 0.000000
-32.061758 0.000000
-32.024858 0.000000
-31.987858 0.000000
-31.950858 0.000000
-31.913958 0.000000
-31.876958 0.000000
-31.840058 0.000000
-31.803058 0.000000
-31.766058 0.000000
-31.729158 0.000000
-31.692158 0.000000
-31.655158 0.000000
-31.618258 0.000000
-31.581258 0.000000
-31.544358 0.000000
-31.507358 0.000000
-31.470358 0.000000
-31.433458 0.000000
-31.396458 0.000000
-31.359458 0.000000
-31.322558 0.000000
-31.285558 0.000000
-31.248658 0.000000
-31.211658 0.000000
-31.174658 0.000000
-31.137758 0.000000
-31.100758 0.000000
-31.063758 0.000000
-31.026858 0.000000
-30.989858 0.000000
-30.952958 0.000000
-30.915958 0.000000
-30.878958 0.000000
-30.842058 0.000000
-30.805058 0.000000
-30.768058 0.000000
-30.731158 0.000000
-30.694158 0.000000
-30.657258 0.000000
-30.620258 0.000000
-30.583258 0.000000
-30.546358 0.000000
-30.509358 0.000000
-30.472358 0.000000
-30.435458 0.000000
-30.398458 0.000000
-30.361558 0.000000
-30.324558 0.000000
-30.287558 0.000000
-30.250658 0.000000
-30.213658 0.000000
-30.176658 0.000000
-30.139758 0.000000
-30.102758 0.000000
-30.065758 0.000000
-30.028858 0.000000
-29.991858 0.000000
-29.954958 0.000000
-29.917958 0.000000
-29.880958 0.000000
-29.844058 0.000000
-29.807058 0.000000
-29.770058 0.000000
-29.733158 0.000000
-29.696158 0.000000
-29.659258 0.000000
-29.622258 0.000000
-29.585258 0.000000
-29.548358 0.000000
-29.511358 0.000000
-29.474358 0.000000
-29.437458 0.000000
-29.400458 0.000000
-29.363558 0.000000
-29.326558 0.000000
-29.289558 0.000000
-29.252658 0.000000
-29.215658 0.000000
-29.178658 0.000000
-29.141758 0.000000
-29.104758 0.000000
-29.067858 0.000000
-29.030858 0.000000
-28.993858 0.000000
-28.956958 0.000000
-28.919958 0.000000
-28.882958 0.000000
-28.846058 0.000000
-28.809058 0.000000
-28.772158 0.000000
-28.735158 0.000000
-28.698158 0.000000
-28.661258 0.000000
-28.624258 0.000000
-28.587258 0.000000
-28.550358 0.000000
-28.513358 0.000000
-28.476458 0.000000
-28.439458 0.000000
-28.402458 0.000000
-28.365558 0.000000
-28.328558 0.000000
-28.291558 0.000000
-28.254658 0.000000
-28.217658 0.000000
-28.180758 0.000000
-28.143758 0.000000
-28.106758 0.000000
-28.069858 0.000000
-28.032858 0.000000
-27.995858 0.000000
-27.958958 0.000000
-27.921958 0.000000
-27.884958 0.000000
-27.848058 0.000000
-27.811058 0.000000
-27.774158 0.000000
-27.737158 0.000000
-27.700158 0.000000
-27.663258 0.000000
-27.626258 0.000000
-27.589258 0.000000
-27.552358 0.000000
-27.515358 0.000000
-27.478458 0.000000
-27.441458 0.000000
-27.404458 0.000000
-27.367558 0.000000
-27.330558 0.000000
-27.293558 0.000000
-27.256658 0.000000
-27.219658 0.000000
-27.182758 0.000000
-27.145758 0.000000
-27.108758 0.000000
-27.071858 0.000000
-27.034858 0.000000
-26.997858 0.000000
-26.960958 0.000000
-26.923958 0.000000
-26.887058 0.000000
-26.850058 0.000000
-26.813058 0.000000
-26.776158 0.000000
-26.739158 0.000000
-26.702158 0.000000
-26.665258 0.000000
-26.628258 0.000000
-26.591358 0.000000
-26.554358 0.000000
-26.517358 0.000000
-26.480458 0.000000
-26.443458 0.000000
-26.406458 0.000000
-26.369558 0.000000
-26.332558 0.000000
-26.295658 0.000000
-26.258658 0.000000
-26.221658 0.000000
-26.184758 0.000000
-26.147758 0.000000
-26.110758 0.000000
-26.073858 0.000000
-26.036858 0.000000
-25.999958 0.000000
-25.962958 0.000000
-25.925958 0.000000
-25.889058 0.000000
-25.852058 0.000000
-25.815058 0.000000
-25.778158 0.000000
-25.741158 0.000000
-25.704158 0.000000
-25.667258 0.000000
-25.630258 0.000000
-25.593358 0.000000
-25.556358 0.000000
-25.519358 0.000000
-25.482458 0.000000
-25.445458 0.000000
-25.408458 0.000000
-25.371558 0.000000
-25.334558 0.000000
-25.297658 0.000000
-25.260658 0.000000
-25.223658 0.000000
-25.186758 0.000000
-25.149758 0.000000
-25.112758 0.000000
-25.075858 0.000000
-25.038858 0.000000
-25.001958 0.000000
-24.964958 0.000000
-24.927958 0.000000
-24.891058 0.000000
-24.854058 0.000000
-24.817058 0.000000
-24.780158 0.000000
-24.743158 0.000000
-24.706258 0.000000
-24.669258 0.000000
-24.632258 0.000000
-24.595358 0.000000
-24.558358 0.000000
-24.521358 0.000000
-24.484458 0.000000
-24.447458 0.000000
-24.410558 0.000000
-24.373558 0.000000
-24.336558 0.000000
-24.299658 0.000000
-24.262658 0.000000
-24.225658 0.000000
-24.188758 0.000000
-24.151758 0.000000
-24.114858 0.000000
-24.077858 0.000000
-24.040858 0.000000
-24.003958 0.000000
-23.966958 0.000000
-23.929958 0.000000
-23.893058 0.000000
-23.856058 0.000000
-23.819058 0.000000
-23.782158 0.000000
-23.745158 0.000000
-23.708258 0.000000
-23.671258 0.000000
-23.634258 0.000000
-23.597358 0.000000
-23.560358 0.000000
-23.523358 0.000000
-23.486458 0.000000
-23.449458 0.000000
-23.412558 0.000000
-23.375558 0.000000
-23.338558 0.000000
-23.301658 0.000000
-23.264658 0.000000
-23.227658 0.000000
-23.190758 0.000000
-23.153758 0.000000
-23.116858 0.000000
-23.079858 0.000000
-23.042858 0.000000
-23.005958 0.000000
-22.968958 0.000000
-22.931958 0.000000
-22.895058 0.000000
-22.858058 0.000000
-22.821158 0.000000
-22.784158 0.000000
-22.747158 0.000000
-22.710258 0.000000
-22.673258 0.000000
-22.636258 0.000000
-22.599358 0.000000
-22.562358 0.000000
-22.525458 0.000000
-22.488458 0.000000
-22.451458 0.000000
-22.414558 0.000000
-22.377558 0.000000
-22.340558 0.000000
-22.303658 0.000000
-22.266658 0.000000
-22.229758 0.000000
-22.192758 0.000000
-22.155758 0.000000
-22.118858 0.000000
-22.081858 0.000000
-22.044858 0.000000
-22.007958 0.000000
-21.970958 0.000000
-21.934058 0.000000
-21.897058 0.000000
-21.860058 0.000000
-21.823158 0.000000
-21.786158 0.000000
-21.749158 0.000000
-21.712258 0.000000
-21.675258 0.000000
-21.638258 0.000000
-21.601358 0.000000
-21.564358 0.000000
-21.527458 0.000000
-21.490458 0.000000
-21.453458 0.000000
-21.416558 0.000000
-21.379558 0.000000
-21.342558 0.000000
-21.305658 0.000000
-21.268658 0.000000
-21.231758 0.000000
-21.194758 0.000000
-21.157758 0.000000
-21.120858 0.000000
-21.083858 0.000000
-21.046858 0.000000
-21.009958 0.000000
-20.972958 0.000000
-20.936058 0.000000
-20.899058 0.000000
-20.862058 0.000000
-20.825158 0.000000
-20.788158 0.000000
-20.751158 0.000000
-20.714258 0.000000
-20.677258 0.000000
-20.640358 0.000000
-20.603358 0.000000
-20.566358 0.000000
-20.529458 0.000000
-20.492458 0.000000
-20.455458 0.000000
-20.418558 0.000000
-20.381558 0.000000
-20.344658 0.000000
-20.307658 0.000000
-20.270658 0.000000
-20.233758 0.000000
-20.196758 0.000000
-20.159758 0.000000
-20.122858 0.000000
-20.085858 0.000000
-20.048958 0.000000
-20.011958 0.000000
-19.974958 0.000000
-19.938058 0.000000
-19.901058 0.000000
-19.864058 0.000000
-19.827158 0.000000
-19.790158 0.000000
-19.753258 0.000000
-19.716258 0.000000
-19.679258 0.000000
-19.642358 0.000000
-19.605358 0.000000
-19.568358 0.000000
-19.531458 0.000000
-19.494458 0.000000
-19.457458 0.000000
-19.420558 0.000000
-19.383558 0.000000
-19.346658 0.000000
-19.309658 0.000000
-19.272658 0.000000
-19.235758 0.000000
-19.198758 0.000000
-19.161758 0.000000
-19.124858 0.000000
-19.087858 0.000000
-19.050958 0.000000
-19.013958 0.000000
-18.976958 0.000000
-18.940058 0.000000
-18.903058 0.000000
-18.866058 0.000000
-18.829158 0.000000
-18.792158 0.000000
-18.755258 0.000000
-18.718258 0.000000
-18.681258 0.000000
-18.644358 0.000000
-18.607358 0.000000
-18.570358 0.000000
-18.533458 0.000000
-18.496458 0.000000
-18.459558 0.000000
-18.422558 0.000000
-18.385558 0.000000
-18.348658 0.000000
-18.311658 0.000000
-18.274658 0.000000
-18.237758 0.000000
-18.200758 0.000000
-18.163858 0.000000
-18.126858 0.000000
-18.089858 0.000000
-18.052958 0.000000
-18.015958 0.000000
-17.978958 0.000000
-17.942058 0.000000
-17.905058 0.000000
-17.868158 0.000000
-17.831158 0.000000
-17.794158 0.000000
-17.757258 0.000000
-17.720258 0.000000
-17.683258 0.000000
-17.646358 0.000000
-17.609358 0.000000
-17.572358 0.000000
-17.535458 0.000000
-17.498458 0.000000
-17.461558 0.000000
-17.424558 0.000000
-17.387558 0.000000
-17.350658 0.000000
-17.313658 0.000000
-17.276658 0.000000
-17.239758 0.000000
-17.202758 0.000000
-17.165858 0.000000
-17.128858 0.000000
-17.091858 0.000000
-17.054958 0.000000
-17.017958 0.000000
-16.980958 0.000000
-16.944058 0.000000
-16.907058 0.000000
-16.870158 0.000000
-16.833158 0.000000
-16.796158 0.000000
-16.759258 0.000000
-16.722258 0.000000
-16.685258 0.000000
-16.648358 0.000000
-16.611358 0.000000
-16.574458 0.000000
-16.537458 0.000000
-16.500458 0.000000
-16.463558 0.000000
-16.426558 0.000000
-16.389558 0.000000
-16.352658 0.000000
-16.315658 0.000000
-16.278758 0.000000
-16.241758 0.000000
-16.204758 0.000000
-16.167858 0.000000
-16.130858 0.000000
-16.093858 0.000000
-16.056958 0.000000
-16.019958 0.000000
-15.983058 0.000000
-15.946058 0.000000
-15.909058 0.000000
-15.872158 0.000000
-15.835158 0.000000
-15.798158 0.000000
-15.761258 0.000000
-15.724258 0.000000
-15.687358 0.000000
-15.650358 0.000000
-15.613358 0.000000
-15.576458 0.000000
-15.539458 0.000000
-15.502458 0.000000
-15.465558 0.000000
-15.428558 0.000000
-15.391558 0.000000
-15.354658 0.000000
-15.317658 0.000000
-15.280758 0.000000
-15.243758 0.000000
-15.206758 0.000000
-15.169858 0.000000
-15.132858 0.000000
-15.095858 0.000000
-15.058958 0.000000
-15.021958 0.000000
-14.985058 0.000000
-14.948058 0.000000
-14.911058 0.000000
-14.874158 0.000000
-14.837158 0.000000
-14.800158 0.000000
-14.763258 0.000000
-14.726258 0.000000
-14.689358 0.000000
-14.652358 0.000000
-14.615358 0.000000
-14.578458 0.000000
-14.541458 0.000000
-14.504458 0.000000
-14.467558 0.000000
-14.430558 0.000000
-14.393658 0.000000
-14.356658 0.000000
-14.319658 0.000000
-14.282758 0.000000
-14.245758 0.000000
-14.208758 0.000000
-14.171858 0.000000
-14.134858 0.000000
-14.097958 0.000000
-14.060958 0.000000
-14.023958 0.000000
-13.987058 0.000000
-13.950058 0.000000
-13.913058 0.000000
-13.876158 0.000000
-13.839158 0.000000
-13.802258 0.000000
-13.765258 0.000000
-13.728258 0.000000
-13.691358 0.000000
-13.654358 0.000000
-13.617358 0.000000
-13.580458 0.000000
-13.543458 0.000000
-13.506558 0.000000
-13.469558 0.000000
-13.432558 0.000000
-13.395658 0.000000
-13.358658 0.000000
-13.321658 0.000000
-13.284758 0.000000
-13.247758 0.000000
-13.210758 0.000000
-13.173858 0.000000
-13.136858 0.000000
-13.099958 0.000000
-13.062958 0.000000
-13.025958 0.000000
-12.989058 0.000000
-12.952058 0.000000
-12.915058 0.000000
-12.878158 0.000000
-12.841158 0.000000
-12.804258 0.000000
-12.767258 0.000000
-12.730258 0.000000
-12.693358 0.000000
-12.656358 0.000000
-12.619358 0.000000
-12.582458 0.000000
-12.545458 0.000000
-12.508558 0.000000
-12.471558 0.000000
-12.434558 0.000000
-12.397658 0.000000
-12.360658 0.000000
-12.323658 0.000000
-12.286758 0.000000
-12.249758 0.000000
-12.212858 0.000000
-12.175858 0.000000
-12.138858 0.000000
-12.101958 0.000000
-12.064958 0.000000
-12.027958 0.000000
-11.991058 0.000000
-11.954058 0.000000
-11.917158 0.000000
-11.880158 0.000000
-11.843158 0.000000
-11.806258 0.000000
-11.769258 0.000000
-11.732258 0.000000
-11.695358 0.000000
-11.658358 0.000000
-11.621458 0.000000
-11.584458 0.000000
-11.547458 0.000000
-11.510558 0.000000
-11.473558 0.000000
-11.436558 0.000000
-11.399658 0.000000
-11.362658 0.000000
-11.325658 0.000000
-11.288758 0.000000
-11.251758 0.000000
-11.214858 0.000000
-11.177858 0.000000
-11.140858 0.000000
-11.103958 0.000000
-11.066958 0.000000
-11.029958 0.000000
-10.993058 0.000000
-10.956058 0.000000
-10.919158 0.000000
-10.882158 0.000000
-10.845158 0.000000
-10.808258 0.000000
-10.771258 0.000000
-10.734258 0.000000
-10.697358 0.000000
-10.660358 0.000000
-10.623458 0.000000
-10.586458 0.000000
-10.549458 0.000000
-10.512558 0.000000
-10.475558 0.000000
-10.438558 0.000000
-10.401658 0.000000
-10.364658 0.000000
-10.327758 0.000000
-10.290758 0.000000
-10.253758 0.000000
-10.216858 0.000000
-10.179858 0.000000
-10.142858 0.000000
-10.105958 0.000000
-10.068958 0.000000
-10.032058 0.000000
-9.995058 0.000000
-9.958058 0.000000
-9.921158 0.000000
-9.884158 0.000000
-9.847158 0.000000
-9.810258 0.000000
-9.773258 0.000000
-9.736358 0.000000
-9.699358 0.000000
-9.662358 0.000000
-9.625458 0.000000
-9.588458 0.000000
-9.551458 0.000000
-9.514558 0.000000
-9.477558 0.000000
-9.440658 0.000000
-9.403658 0.000000
-9.366658 0.000000
-9.329758 0.000000
-9.292758 0.000000
-9.255758 0.000000
-9.218858 0.000000
-9.181858 0.000000
-9.144858 0.000000
-9.107958 0.000000
-9.070958 0.000000
-9.034058 0.000000
-8.997058 0.000000
-8.960058 0.000000
-8.923158 0.000000
-8.886158 0.000000
-8.849158 0.000000
-8.812258 0.000000
-8.775258 0.000000
-8.738358 0.000000
-8.701358 0.000000
-8.664358 0.000000
-8.627458 0.000000
-8.590458 0.000000
-8.553458 0.000000
-8.516558 0.000000
-8.479558 0.000000
-8.442658 0.000000
-8.405658 0.000000
-8.368658 0.000000
-8.331758 0.000000
-8.294758 0.000000
-8.257758 0.000000
-8.220858 0.000000
-8.183858 0.000000
-8.146958 0.000000
-8.109958 0.000000
-8.072958 0.000000
-8.036058 0.000000
-7.999058 0.000000
-7.962058 0.000000
-7.925158 0.000000
-7.888158 0.000000
-7.851258 0.000000
-7.814258 0.000000
-7.777258 0.002500
-7.740358 0.022000
-7.703358 0.033600
-7.666358 0.037600
-7.629458 0.046300
-7.592458 0.055200
-7.555558 0.059700
-7.518558 0.062700
-7.481558 0.067800
-7.444658 0.073100
-7.407658 0.078400
-7.370658 0.084300
-7.333758 0.088400
-7.296758 0.091900
-7.259858 0.095800
-7.222858 0.099700
-7.185858 0.103900
-7.148958 0.108600
-7.111958 0.113500
-7.074958 0.118500
-7.038058 0.122900
-7.001058 0.126300
-6.964058 0.130300
-6.927158 0.134700
-6.890158 0.139100
-6.853258 0.143700
-6.816258 0.148500
-6.779258 0.153400
-6.742358 0.158400
-6.705358 0.163500
-6.668358 0.168600
-6.631458 0.173700
-6.594458 0.179000
-6.557558 0.184500
-6.520558 0.190300
-6.483558 0.196200
-6.446658 0.202200
-6.409658 0.208500
-6.372658 0.215500
-6.335758 0.222800
-6.298758 0.230600
-6.261858 0.238800
-6.224858 0.247300
-6.187858 0.256200
-6.150958 0.265600
-6.113958 0.275800
-6.076958 0.417600
-6.040058 0.630600
-6.003058 0.781600
-5.966158 0.951200
-5.929158 1.088200
-5.892158 1.421000
-5.855258 1.616100
-5.818258 1.769600
-5.781258 1.851100
-5.744358 2.159200
-5.707358 2.552500
-5.670458 2.651600
-5.633458 2.679200
-5.596458 2.767800
-5.559558 2.756600
-5.522558 2.789800
-5.485558 2.798800
-5.448658 2.852200
-5.411658 2.897300
-5.374758 2.988400
-5.337758 3.694400
-5.300758 3.503400
-5.263858 3.461000
-5.226858 3.502000
-5.189858 3.494100
-5.152958 3.627600
-5.115958 3.566600
-5.078958 3.278700
-5.042058 3.056600
-5.005058 2.814400
-4.968158 2.581500
-4.931158 2.496800
-4.894158 2.461600
-4.857258 2.422700
-4.820258 2.375700
-4.783258 2.411900
-4.746358 2.562600
-4.709358 2.606500
-4.672458 2.464700
-4.635458 2.127600
-4.598458 1.796600
-4.561558 1.686200
-4.524558 1.554400
-4.487558 1.712000
-4.450658 1.942800
-4.413658 2.618300
-4.376758 3.083000
-4.339758 3.218100
-4.302758 3.247500
-4.265858 3.251700
-4.228858 3.256900
-4.191858 2.937100
-4.154958 3.310500
-4.117958 2.868700
-4.081058 2.120700
-4.044058 1.902100
-4.007058 2.049900
-3.970158 2.141800
-3.933158 2.468300
-3.896158 2.427700
-3.859258 2.440100
-3.822258 2.602400
-3.785358 2.848400
-3.748358 2.953500
-3.711358 3.199300
-3.674458 3.249500
-3.637458 3.196400
-3.600458 3.019600
-3.563558 3.038400
-3.526558 2.959500
-3.489658 2.909100
-3.452658 3.140500
-3.415658 2.825200
-3.378758 2.632000
-3.341758 2.399000
-3.304758 1.893000
-3.267858 1.423200
-3.230858 1.189500
-3.193958 1.062600
-3.156958 1.046100
-3.119958 1.106100
-3.083058 1.132100
-3.046058 1.299400
-3.009058 1.847300
-2.972158 2.659200
-2.935158 3.323200
-2.898158 3.480100
-2.861258 3.510700
-2.824258 3.569100
-2.787358 3.695600
-2.750358 4.131300
-2.713358 4.484500
-2.676458 4.500100
-2.639458 3.695400
-2.602458 3.377500
-2.565558 3.118700
-2.528558 2.794800
-2.491658 2.808000
-2.454658 2.587500
-2.417658 2.553300
-2.380758 2.570100
-2.343758 2.586200
-2.306758 2.624000
-2.269858 3.665700
-2.232858 3.807000
-2.195958 3.804900
-2.158958 3.890800
-2.121958 4.723300
-2.085058 3.930300
-2.048058 3.424500
-2.011058 2.976300
-1.974158 2.930600
-1.937158 3.354300
-1.900258 2.901800
-1.863258 2.692500
-1.826258 2.553500
-1.789358 2.628100
-1.752358 3.128500
-1.715358 3.068400
-1.678458 3.163000
-1.641458 3.384800
-1.604558 3.391900
-1.567558 3.382900
-1.530558 3.559900
-1.493658 3.868800
-1.456658 3.803100
-1.419658 3.423500
-1.382758 3.132200
-1.345758 2.955500
-1.308858 2.755600
-1.271858 2.630300
-1.234858 2.775000
-1.197958 2.969000
-1.160958 2.481100
-1.123958 2.251100
-1.087058 2.162000
-1.050058 2.001400
-1.013158 1.960000
-0.976158 1.940900
-0.939158 1.957500
-0.902258 2.062100
-0.865258 2.103600
-0.828258 2.086000
-0.791358 1.969500
-0.754358 1.945100
-0.717358 1.947200
-0.680458 1.955300
-0.643458 1.901000
-0.606558 1.886300
-0.569558 1.893900
-0.532558 1.928100
-0.495658 1.887800
-0.458658 1.861800
-0.421658 1.837800
-0.384758 1.837800
-0.347758 1.829900
-0.310858 1.810600
-0.273858 1.789000
-0.236858 1.773400
-0.199958 1.757200
-0.162958 1.741300
-0.125958 1.742900
-0.089058 1.749000
-0.052058 1.746900
-0.015158 1.737200
0.021842 1.717100
0.058842 1.708100
0.095742 1.673200
0.132742 1.657700
0.169742 1.666300
0.206642 1.676700
0.243642 1.685300
0.280542 1.785000
0.317542 1.867400
0.354542 1.842600
0.391442 1.691900
0.428442 1.683700
0.465442 1.710000
0.502342 1.771900
0.539342 1.871700
0.576242 2.006200
0.613242 2.243900
0.650242 2.132900
0.687142 2.226900
0.724142 2.355700
0.761142 2.442500
0.798042 2.542600
0.835042 2.614800
0.871942 2.686100
0.908942 2.815900
0.945942 2.879500
0.982842 2.931200
1.019842 2.965400
1.056842 3.016900
1.093742 3.109900
1.130742 3.366300
1.167642 3.515500
1.204642 3.680300
1.241642 3.856600
1.278542 3.984300
1.315542 4.036200
1.352542 4.133300
1.389442 4.276700
1.426442 4.244800
1.463442 4.709500
1.500342 4.663200
1.537342 4.406400
1.574242 4.056200
1.611242 3.943800
1.648242 3.670000
1.685142 3.157000
1.722142 2.971900
1.759142 1.835400
1.796042 0.754700
1.833042 0.572000
1.869942 0.563400
1.906942 0.560300
1.943942 0.561000
1.980842 0.562400
2.017842 0.562900
2.054842 0.557800
2.091742 0.537400
2.128742 0.526700
2.165642 0.519200
2.202642 0.514400
2.239642 0.512300
2.276542 0.512700
2.313542 0.513400
2.350542 0.514500
2.387442 0.515900
2.424442 0.513900
2.461342 0.514300
2.498342 0.515100
2.535342 0.515100
2.572242 0.515500
2.609242 0.516200
2.646242 0.517300
2.683142 0.518500
2.720142 0.519500
2.757042 0.521000
2.794042 0.522400
2.831042 0.517400
2.867942 0.515500
2.904942 0.516500
2.941942 0.517600
2.978842 0.519000
3.015842 0.519800
3.052742 0.519000
3.089742 0.518300
3.126742 0.517800
3.163642 0.517300
3.200642 0.516400
3.237642 0.511200
3.274542 0.511500
3.311542 0.511800
3.348542 0.511900
3.385442 0.511900
3.422442 0.512000
3.459342 0.511600
3.496342 0.512500
3.533342 0.514600
3.570242 0.522000
3.607242 0.527500
3.644242 0.530700
3.681142 0.530400
3.718142 0.529400
3.755042 0.531100
3.792042 0.531300
3.829042 0.521200
3.865942 0.505400
3.902942 0.496500
3.939942 0.492700
3.976842 0.489300
4.013842 0.486300
4.050742 0.483800
4.087742 0.481900
4.124742 0.479000
4.161642 0.478400
4.198642 0.478100
4.235642 0.477900
4.272542 0.474400
4.309542 0.460800
4.346442 0.462000
4.383442 0.463000
4.420442 0.462500
4.457342 0.461200
4.494342 0.459200
4.531342 0.457100
4.568242 0.454500
4.605242 0.452200
4.642142 0.449900
4.679142 0.447400
4.716142 0.444800
4.753042 0.442400
4.790042 0.440500
4.827042 0.438800
4.863942 0.437500
4.900942 0.436300
4.937842 0.435700
4.974842 0.435300
5.011842 0.434800
5.048742 0.434400
5.085742 0.434000
5.122742 0.433500
5.159642 0.431500
5.196642 0.427800
5.233542 0.426900
5.270542 0.426100
5.307542 0.425600
5.344442 0.425000
5.381442 0.423900
5.418442 0.422800
5.455342 0.421900
5.492342 0.420800
5.529342 0.419800
5.566242 0.419000
5.603242 0.418700
5.640142 0.418800
5.677142 0.419200
5.714142 0.419600
5.751042 0.419400
5.788042 0.419300
5.825042 0.419500
5.861942 0.420500
5.898942 0.422500
5.935842 0.425400
5.972842 0.430400
6.009842 0.439000
6.046742 0.443600
6.083742 0.447800
6.120742 0.451500
6.157642 0.475600
6.194642 0.459300
6.231542 0.440600
6.268542 0.440400
6.305542 0.440000
6.342442 0.439500
6.379442 0.442800
6.416442 0.444200
6.453342 0.444800
6.490342 0.472200
6.527242 0.431600
6.564242 0.430700
6.601242 0.429900
6.638142 0.429400
6.675142 0.428700
6.712142 0.428500
6.749042 0.428700
6.786042 0.429100
6.822942 0.478500
6.859942 0.448000
6.896942 0.428900
6.933842 0.419800
6.970842 0.414600
7.007842 0.410700
7.044742 0.407800
7.081742 0.405400
7.118642 0.403600
7.155642 0.401700
7.192642 0.434700
7.229542 0.452500
7.266542 0.421800
7.303542 0.417000
7.340442 0.404800
7.377442 0.398800
7.414342 0.394100
7.451342 0.389700
7.488342 0.383100
7.525242 0.380600
7.562242 0.376100
7.599242 0.371200
7.636142 0.365900
7.673142 0.360000
7.710142 0.355500
7.747042 0.349300
7.784042 0.340500
7.820942 0.329200
7.857942 0.321600
7.894942 0.308000
7.931842 0.284000
7.968842 0.265600
8.005842 0.250800
8.042742 0.242100
8.079742 0.234300
8.116642 0.225100
8.153642 0.217400
8.190642 0.210500
8.227542 0.204200
8.264542 0.198500
8.301542 0.194100
8.338442 0.189800
8.375442 0.185700
8.412342 0.179800
8.449342 0.176900
8.486342 0.174600
8.523242 0.171500
8.560242 0.168400
8.597242 0.165300
8.634142 0.163100
8.671142 0.160700
8.708042 0.157900
8.745042 0.154800
8.782042 0.151600
8.818942 0.148400
8.855942 0.145800
8.892942 0.143200
8.929842 0.140700
8.966842 0.138200
9.003742 0.135700
9.040742 0.133500
9.077742 0.131600
9.114642 0.129900
9.151642 0.127800
9.188642 0.125400
9.225542 0.123000
9.262542 0.120300
9.299442 0.117600
9.336442 0.114700
9.373442 0.111800
9.410342 0.109100
9.447342 0.106600
9.484342 0.104500
9.521242 0.102600
9.558242 0.100800
9.595242 0.099200
9.632142 0.097700
9.669142 0.096800
9.706042 0.097100
9.743042 0.099000
9.780042 0.104800
9.816942 0.122400
9.853942 0.154500
9.890942 0.218200
9.927842 0.265100
9.964842 0.304100
10.001742 0.341200
10.038742 0.378000
10.075742 0.394900
10.112642 0.398800
10.149642 0.403500
10.186642 0.410100
10.223542 0.412000
10.260542 0.345100
10.297442 0.584300
10.334442 1.107900
10.371442 1.158600
10.408342 1.315000
10.445342 1.410700
10.482342 1.414800
10.519242 1.458800
10.556242 1.518700
10.593142 1.422000
10.630142 1.325800
10.667142 1.228500
10.704042 1.145600
10.741042 1.099700
10.778042 1.043300
10.814942 1.025400
10.851942 1.023600
10.888842 1.018600
10.925842 0.996000
10.962842 0.995000
10.999742 1.016900
11.036742 1.038800
11.073742 1.063700
11.110642 1.057900
11.147642 1.026400
11.184542 1.007300
11.221542 0.981200
11.258542 0.957800
11.295442 0.982600
11.332442 1.003400
11.369442 0.977300
11.406342 0.965100
11.443342 0.962600
11.480242 0.941500
11.517242 0.945700
11.554242 0.955600
11.591142 0.956900
11.628142 0.958000
11.665142 0.966100
11.702042 0.979000
11.739042 0.992300
11.776042 1.008900
11.812942 1.034500
11.849942 1.041400
11.886842 1.049500
11.923842 1.022500
11.960842 1.005300
11.997742 0.987400
12.034742 0.988400
12.071742 0.972200
12.108642 0.902300
12.145642 0.874400
12.182542 0.861300
12.219542 0.853700
12.256542 0.850400
12.293442 0.854500
12.330442 0.858500
12.367442 0.862700
12.404342 0.866800
12.441342 0.871000
12.478242 0.879500
12.515242 0.887700
12.552242 0.892700
12.589142 0.887400
12.626142 0.880300
12.663142 0.872800
12.700042 0.865900
12.737042 0.859800
12.773942 0.855100
12.810942 0.851000
12.847942 0.848500
12.884842 0.844800
12.921842 0.841100
12.958842 0.839300
12.995742 0.836600
13.032742 0.834600
13.069642 0.834000
13.106642 0.831500
13.143642 0.827800
13.180542 0.823500
13.217542 0.817300
13.254542 0.815900
13.291442 0.815700
13.328442 0.816200
13.365342 0.815800
13.402342 0.814700
13.439342 0.814300
13.476242 0.813400
13.513242 0.812100
13.550242 0.810000
13.587142 0.806300
13.624142 0.804400
13.661042 0.801900
13.698042 0.799700
13.735042 0.797100
13.771942 0.793900
13.808942 0.790700
13.845942 0.786800
13.882842 0.783700
13.919842 0.782800
13.956842 0.779900
13.993742 0.774100
14.030742 0.774500
14.067642 0.772000
14.104642 0.754600
14.141642 0.742000
14.178542 0.731000
14.215542 0.721400
14.252542 0.712300
14.289442 0.704000
14.326442 0.696800
14.363342 0.691300
14.400342 0.686900
14.437342 0.683400
14.474242 0.680800
14.511242 0.678900
14.548242 0.678500
14.585142 0.679300
14.622142 0.690800
14.659042 0.666300
14.696042 0.664900
14.733042 0.664700
14.769942 0.662800
14.806942 0.674600
14.843942 0.714100
14.880842 0.763500
14.917842 0.763600
14.954742 0.794400
14.991742 0.838300
15.028742 0.884300
15.065642 0.913300
15.102642 0.930900
15.139642 0.970800
15.176542 1.024100
15.213542 1.069800
15.250442 1.118000
15.287442 1.164400
15.324442 1.214400
15.361342 1.247300
15.398342 1.291300
15.435342 1.340900
15.472242 1.400800
15.509242 1.455900
15.546142 1.514800
15.583142 1.596100
15.620142 1.660400
15.657042 1.751800
15.694042 1.834200
15.731042 1.916600
15.767942 1.939000
15.804942 1.857300
15.841942 1.757100
15.878842 1.790300
15.915842 1.804700
15.952742 1.794800
15.989742 1.717300
16.026742 1.758000
16.063642 1.816400
16.100642 1.983300
16.137642 1.929500
16.174542 1.884100
16.211542 1.728900
16.248442 1.393200
16.285442 1.302600
16.322442 1.277000
16.359342 1.282700
16.396342 1.256300
16.433342 1.218800
16.470242 1.148300
16.507242 1.074600
16.544142 1.038600
16.581142 1.040200
16.618142 1.045100
16.655042 1.061600
16.692042 1.149500
16.729042 1.127900
16.765942 1.089100
16.802942 1.088700
16.839842 1.050700
16.876842 1.028100
16.913842 1.006100
16.950742 1.001100
16.987742 0.994000
17.024742 0.992500
17.061642 1.038100
17.098642 0.952300
17.135542 0.945600
17.172542 0.962300
17.209542 0.988000
17.246442 1.002700
17.283442 1.019900
17.320442 1.043600
17.357342 1.076300
17.394342 1.107600
17.431242 1.235000
17.468242 1.270100
17.505242 1.194200
17.542142 1.185100
17.579142 1.228200
17.616142 1.279000
17.653042 1.343800
17.690042 1.436400
17.726942 1.471900
17.763942 1.415600
17.800942 1.408600
17.837842 1.403400
17.874842 1.419800
17.911842 1.446900
17.948742 1.492000
17.985742 1.445800
18.022742 1.385600
18.059642 1.251800
18.096642 1.172000
18.133542 1.145700
18.170542 1.123000
18.207542 1.115800
18.244442 1.125400
18.281442 1.135800
18.318442 1.126400
18.355342 1.150600
18.392342 1.386000
18.429242 1.266200
18.466242 1.242300
18.503242 1.237300
18.540142 1.246800
18.577142 1.256000
18.614142 1.261600
18.651042 1.254000
18.688042 1.253900
18.724942 1.266200
18.761942 1.297600
18.798942 1.314700
18.835842 1.322800
18.872842 1.333600
18.909842 1.388700
18.946742 1.320200
18.983742 1.289200
19.020642 1.292800
19.057642 1.293600
19.094642 1.285900
19.131542 1.278000
19.168542 1.265100
19.205542 1.264000
19.242442 1.252300
19.279442 1.191600
19.316342 1.197600
19.353342 1.221200
19.390342 1.329500
19.427242 1.268900
19.464242 1.154900
19.501242 1.100800
19.538142 1.071000
19.575142 1.058900
19.612042 1.046200
19.649042 1.035900
19.686042 1.029800
19.722942 1.023200
19.759942 1.017200
19.796942 1.010900
19.833842 1.015100
19.870842 1.000200
19.907742 0.980600
19.944742 0.948500
19.981742 0.924000
20.018642 0.906900
20.055642 0.890500
20.092642 0.876800
20.129542 0.855200
20.166542 0.845400
20.203542 0.840700
20.240442 0.842400
20.277442 0.854400
20.314342 0.911100
20.351342 0.905200
20.388342 0.808300
20.425242 0.807300
20.462242 0.806800
20.499242 0.810400
20.536142 0.803800
20.573142 0.787300
20.610042 0.758400
20.647042 0.726700
20.684042 0.700100
20.720942 0.669000
20.757942 0.648400
20.794942 0.632100
20.831842 0.618700
20.868842 0.607400
20.905742 0.600300
20.942742 0.593200
20.979742 0.577800
21.016642 0.568900
21.053642 0.567100
21.090642 0.566100
21.127542 0.562500
21.164542 0.540700
21.201442 0.518700
21.238442 0.500600
21.275442 0.485800
21.312342 0.471400
21.349342 0.456100
21.386342 0.440600
21.423242 0.431400
21.460242 0.424300
21.497142 0.437300
21.534142 0.484800
21.571142 0.463500
21.608042 0.414800
21.645042 0.385000
21.682042 0.377900
21.718942 0.340100
21.755942 0.289000
21.792842 0.245400
21.829842 0.221800
21.866842 0.203300
21.903742 0.187100
21.940742 0.172300
21.977742 0.159800
22.014642 0.147400
22.051642 0.126200
22.088642 0.115700
22.125542 0.104800
22.162542 0.094000
22.199442 0.083400
22.236442 0.072800
22.273442 0.063200
22.310342 0.055100
22.347342 0.047800
22.384342 0.035400
22.421242 0.026200
22.458242 0.022800
22.495142 0.021400
22.532142 0.020300
22.569142 0.019200
22.606042 0.018000
22.643042 0.017100
22.680042 0.016100
22.716942 0.015200
22.753942 0.014300
22.790842 0.013400
22.827842 0.012600
22.864842 0.011700
22.901742 0.011100
22.938742 0.010500
22.975742 0.010000
23.012642 0.009400
23.049642 0.008700
23.086542 0.008100
23.123542 0.007400
23.160542 0.006700
23.197442 0.005300
23.234442 0.004600
23.271442 0.003900
23.308342 0.003300
23.345342 0.002700
23.382242 0.002200
23.419242 0.001700
23.456242 0.001300
23.493142 0.001000
23.530142 0.000700
23.567142 0.000400
23.604042 0.000200
23.641042 0.000100
23.677942 0.000000
23.714942 0.000000
23.751942 0.000000
23.788842 0.000000
23.825842 0.000000
23.862842 0.000000
23.899742 0.000000
23.936742 0.000000
23.973642 0.000000
24.010642 0.000000
24.047642 0.000000
24.084542 0.000000
24.121542 0.000000
24.158542 0.000000
24.195442 0.000000
24.232442 0.000000
24.269442 0.000000
24.306342 0.000000
24.343342 0.000000
24.380242 0.000000
24.417242 0.000000
24.454242 0.000000
24.491142 0.000000
24.528142 0.000000
24.565142 0.000000
24.602042 0.000000
24.639042 0.000000
24.675942 0.000000
24.712942 0.000000
24.749942 0.000000
24.786842 0.000000
24.823842 0.000000
24.860842 0.000000
24.897742 0.000000
24.934742 0.000000
24.971642 0.000000
25.008642 0.000000
25.045642 0.000000
25.082542 0.000000
25.119542 0.000000
25.156542 0.000000
25.193442 0.000000
25.230442 0.000000
25.267342 0.000000
25.304342 0.000000
25.341342 0.000000
25.378242 0.000000
25.415242 0.000000
25.452242 0.000000
25.489142 0.000000
25.526142 0.000000
25.563042 0.000000
25.600042 0.000000
25.637042 0.000000
25.673942 0.000000
25.710942 0.000000
25.747942 0.000000
25.784842 0.000000
25.821842 0.000000
25.858742 0.000000
25.895742 0.000000
25.932742 0.000000
25.969642 0.000000
26.006642 0.000000
26.043642 0.000000
26.080542 0.000000
26.117542 0.000000
26.154442 0.000000
26.191442 0.000000
26.228442 0.000000
26.265342 0.000000
26.302342 0.000000
26.339342 0.000000
26.376242 0.000000
26.413242 0.000000
26.450242 0.000000
26.487142 0.000000
26.524142 0.000000
26.561042 0.000000
26.598042 0.000000
26.635042 0.000000
26.671942 0.000000
26.708942 0.000000
26.745942 0.000000
26.782842 0.000000
26.819842 0.000000
26.856742 0.000000
26.893742 0.000000
26.930742 0.000000
26.967642 0.000000
27.004642 0.000000
27.041642 0.000000
27.078542 0.000000
