Energy(eV) Total_DOS
-19.860790 0.000000
-19.837490 0.000000
-19.814190 0.000000
-19.790890 0.000000
-19.767590 0.000000
-19.744390 0.000000
-19.721090 0.000000
-19.697790 0.000000
-19.674490 0.000000
-19.651190 0.000000
-19.627990 0.000000
-19.604690 0.000000
-19.581390 0.000000
-19.558090 0.000000
-19.534790 0.000000
-19.511590 0.000000
-19.488290 0.000000
-19.464990 0.000000
-19.441690 0.000000
-19.418390 0.000000
-19.395190 0.000000
-19.371890 0.000000
-19.348590 0.000000
-19.325290 0.000000
-19.301990 0.000000
-19.278790 0.000000
-19.255490 0.000000
-19.232190 0.000000
-19.208890 0.000000
-19.185590 0.000000
-19.162390 0.000000
-19.139090 0.000000
-19.115790 0.000000
-19.092490 0.000000
-19.069190 0.000000
-19.045990 0.000000
-19.022690 0.000000
-18.999390 0.000000
-18.976090 0.000000
-18.952790 0.000000
-18.929590 0.000000
-18.906290 0.000000
-18.882990 0.000000
-18.859690 0.000000
-18.836390 0.000000
-18.813190 0.000000
-18.789890 0.000000
-18.766590 0.000000
-18.743290 0.000000
-18.719990 0.000000
-18.696790 0.000000
-18.673490 0.000000
-18.650190 0.000000
-18.626890 0.000000
-18.603590 0.000000
-18.580390 0.000000
-18.557090 0.000000
-18.533790 0.000000
-18.510490 0.000000
-18.487190 0.000000
-18.463990 0.000000
-18.440690 0.000000
-18.417390 0.000000
-18.394090 0.000000
-18.370790 0.000000
-18.347590 0.000000
-18.324290 0.000000
-18.300990 0.000000
-18.277690 0.000000
-18.254390 0.000000
-18.231190 0.000000
-18.207890 0.000000
-18.184590 0.000000
-18.161290 0.000000
-18.137990 0.000000
-18.114790 0.000000
-18.091490 0.000000
-18.068190 0.000000
-18.044890 0.000000
-18.021590 0.000000
-17.998390 0.000000
-17.975090 0.000000
-17.951790 0.000000
-17.928490 0.000000
-17.905190 0.000000
-17.881990 0.000000
-17.858690 0.000000
-17.835390 0.000000
-17.812090 0.000000
-17.788790 0.000000
-17.765590 0.000000
-17.742290 0.006600
-17.718990 0.314200
-17.695690 0.517000
-17.672390 0.635700
-17.649190 0.772200
-17.625890 0.877300
-17.602590 1.000400
-17.579290 1.116200
-17.555990 1.228300
-17.532790 1.352100
-17.509490 1.478600
-17.486190 1.609000
-17.462890 1.743900
-17.439590 1.893300
-17.416390 2.053100
-17.393090 2.219600
-17.369790 2.405800
-17.346490 2.609000
-17.323190 2.838500
-17.299990 3.093600
-17.276690 3.363000
-17.253390 3.707100
-17.230090 4.101000
-17.206790 4.535200
-17.183590 5.119600
-17.160290 5.881700
-17.136990 6.930400
-17.113690 8.938500
-17.090390 9.729800
-17.067190 10.175900
-17.043890 10.468100
-17.020590 10.911400
-16.997290 11.649900
-16.973990 12.180600
-16.950790 15.720400
-16.927490 20.515200
-16.904190 0.000000
-16.880890 0.000000
-16.857590 0.000000
-16.834390 0.000000
-16.811090 0.000000
-16.787790 0.000000
-16.764490 0.000000
-16.741190 0.000000
-16.717990 0.000000
-16.694690 0.000000
-16.671390 0.000000
-16.648090 0.000000
-16.624790 0.000000
-16.601590 0.000000
-16.578290 0.000000
-16.554990 0.000000
-16.531690 0.000000
-16.508390 0.000000
-16.485190 0.000000
-16.461890 0.000000
-16.438590 0.000000
-16.415290 0.000000
-16.391990 0.000000
-16.368790 0.000000
-16.345490 0.000000
-16.322190 0.000000
-16.298890 0.000000
-16.275590 0.000000
-16.252390 0.000000
-16.229090 0.000000
-16.205790 0.000000
-16.182490 0.000000
-16.159190 0.000000
-16.135990 0.000000
-16.112690 0.000000
-16.089390 0.000000
-16.066090 0.000000
-16.042790 0.000000
-16.019590 0.000000
-15.996290 0.000000
-15.972990 0.000000
-15.949690 0.000000
-15.926390 0.000000
-15.903190 0.000000
-15.879890 0.000000
-15.856590 0.000000
-15.833290 0.000000
-15.809990 0.000000
-15.786790 0.000000
-15.763490 0.000000
-15.740190 0.000000
-15.716890 0.000000
-15.693590 0.000000
-15.670390 0.000000
-15.647090 0.000000
-15.623790 0.000000
-15.600490 0.000000
-15.577190 0.000000
-15.553990 0.000000
-15.530690 0.000000
-15.507390 0.000000
-15.484090 0.000000
-15.460790 0.000000
-15.437590 0.000000
-15.414290 0.000000
-15.390990 0.000000
-15.367690 0.000000
-15.344390 0.000000
-15.321190 0.000000
-15.297890 0.000000
-15.274590 0.000000
-15.251290 0.000000
-15.227990 0.000000
-15.204790 0.000000
-15.181490 0.000000
-15.158190 0.000000
-15.134890 0.000000
-15.111590 0.000000
-15.088390 0.000000
-15.065090 0.000000
-15.041790 0.000000
-15.018490 0.000000
-14.995190 0.000000
-14.971990 0.000000
-14.948690 0.000000
-14.925390 0.000000
-14.902090 0.000000
-14.878790 0.000000
-14.855590 0.000000
-14.832290 0.000000
-14.808990 0.000000
-14.785690 0.000000
-14.762390 0.000000
-14.739190 0.000000
-14.715890 0.000000
-14.692590 0.000000
-14.669290 0.000000
-14.645990 0.000000
-14.622790 0.000000
-14.599490 0.000000
-14.576190 0.000000
-14.552890 0.000000
-14.529590 0.000000
-14.506390 0.000000
-14.483090 0.000000
-14.459790 0.000000
-14.436490 0.000000
-14.413190 0.000000
-14.389990 0.000000
-14.366690 0.000000
-14.343390 0.000000
-14.320090 0.000000
-14.296790 0.000000
-14.273590 0.000000
-14.250290 0.000000
-14.226990 0.000000
-14.203690 0.000000
-14.180390 0.000000
-14.157190 0.000000
-14.133890 0.000000
-14.110590 0.000000
-14.087290 0.000000
-14.063990 0.000000
-14.040790 0.000000
-14.017490 0.000000
-13.994190 0.000000
-13.970890 0.000000
-13.947590 0.000000
-13.924390 0.000000
-13.901090 0.000000
-13.877790 0.000000
-13.854490 0.000000
-13.831190 0.000000
-13.807990 0.000000
-13.784690 0.000000
-13.761390 0.000000
-13.738090 0.000000
-13.714790 0.000000
-13.691590 0.000000
-13.668290 0.000000
-13.644990 0.000000
-13.621690 0.000000
-13.598390 0.000000
-13.575190 0.000000
-13.551890 0.000000
-13.528590 0.000000
-13.505290 0.000000
-13.481990 0.000000
-13.458790 0.000000
-13.435490 0.000000
-13.412190 0.000000
-13.388890 0.000000
-13.365590 0.000000
-13.342390 0.000000
-13.319090 0.000000
-13.295790 0.000000
-13.272490 0.000000
-13.249190 0.000000
-13.225990 0.000000
-13.202690 0.000000
-13.179390 0.000000
-13.156090 0.000000
-13.132790 0.000000
-13.109590 0.000000
-13.086290 0.000000
-13.062990 0.000000
-13.039690 0.000000
-13.016390 0.000000
-12.993190 0.000000
-12.969890 0.000000
-12.946590 0.000000
-12.923290 0.000000
-12.899990 0.000000
-12.876790 0.000000
-12.853490 0.000000
-12.830190 0.000000
-12.806890 0.000000
-12.783590 0.000000
-12.760390 0.000000
-12.737090 0.000000
-12.713790 0.000000
-12.690490 0.000000
-12.667190 0.000000
-12.643990 0.000000
-12.620690 0.000000
-12.597390 0.000000
-12.574090 0.000000
-12.550790 0.000000
-12.527590 0.000000
-12.504290 0.000000
-12.480990 0.000000
-12.457690 0.000000
-12.434390 0.000000
-12.411190 0.000000
-12.387890 0.000000
-12.364590 0.000000
-12.341290 0.000000
-12.317990 0.000000
-12.294790 0.000000
-12.271490 0.000000
-12.248190 0.000000
-12.224890 0.000000
-12.201590 0.000000
-12.178390 0.000000
-12.155090 0.000000
-12.131790 0.000000
-12.108490 0.000000
-12.085190 0.000000
-12.061990 0.000000
-12.038690 0.000000
-12.015390 0.000000
-11.992090 0.000000
-11.968790 0.000000
-11.945590 0.000000
-11.922290 0.000000
-11.898990 0.000000
-11.875690 0.000000
-11.852390 0.000000
-11.829190 0.000000
-11.805890 0.000000
-11.782590 0.000000
-11.759290 0.000000
-11.735990 0.000000
-11.712790 0.000000
-11.689490 0.000000
-11.666190 0.000000
-11.642890 0.000000
-11.619590 0.000000
-11.596390 0.000000
-11.573090 0.000000
-11.549790 0.000000
-11.526490 0.000000
-11.503190 0.000000
-11.479990 0.000000
-11.456690 0.000000
-11.433390 0.000000
-11.410090 0.000000
-11.386790 0.000000
-11.363590 0.000000
-11.340290 0.000000
-11.316990 0.000000
-11.293690 0.000000
-11.270390 0.000000
-11.247190 0.000000
-11.223890 0.000000
-11.200590 0.000000
-11.177290 0.000000
-11.153990 0.000000
-11.130790 0.000000
-11.107490 0.000000
-11.084190 0.000000
-11.060890 0.000000
-11.037590 0.000000
-11.014390 0.000000
-10.991090 0.000000
-10.967790 0.000000
-10.944490 0.000000
-10.921190 0.000000
-10.897990 0.000000
-10.874690 0.000000
-10.851390 0.000000
-10.828090 0.000000
-10.804790 0.000000
-10.781590 0.000000
-10.758290 0.000000
-10.734990 0.000000
-10.711690 0.000000
-10.688390 0.000000
-10.665190 0.000000
-10.641890 0.000000
-10.618590 0.000000
-10.595290 0.000000
-10.571990 0.000000
-10.548790 0.000000
-10.525490 0.000000
-10.502190 0.000000
-10.478890 0.000000
-10.455590 0.000000
-10.432390 0.000000
-10.409090 0.000000
-10.385790 0.000000
-10.362490 0.000000
-10.339190 0.000000
-10.315990 0.000000
-10.292690 0.000000
-10.269390 0.000000
-10.246090 0.000000
-10.222790 0.000000
-10.199590 0.000000
-10.176290 0.000000
-10.152990 0.000000
-10.129690 0.000000
-10.106390 0.000000
-10.083190 0.000000
-10.059890 0.000000
-10.036590 0.000000
-10.013290 0.000000
-9.989990 0.000000
-9.966790 0.000000
-9.943490 0.000000
-9.920190 0.000000
-9.896890 0.000000
-9.873590 0.000000
-9.850390 0.000000
-9.827090 0.000000
-9.803790 0.000000
-9.780490 0.000000
-9.757190 0.000000
-9.733990 0.000000
-9.710690 0.000000
-9.687390 0.000000
-9.664090 0.000000
-9.640790 0.000000
-9.617590 0.000000
-9.594290 0.000000
-9.570990 0.000000
-9.547690 0.000000
-9.524390 0.000000
-9.501190 0.000000
-9.477890 0.000000
-9.454590 0.000000
-9.431290 0.000000
-9.407990 0.000000
-9.384790 0.000000
-9.361490 0.000000
-9.338190 0.000000
-9.314890 0.000000
-9.291590 0.000000
-9.268390 0.000000
-9.245090 0.000000
-9.221790 0.000000
-9.198490 0.000000
-9.175190 0.000000
-9.151990 0.000000
-9.128690 0.000000
-9.105390 0.000000
-9.082090 0.000000
-9.058790 0.000000
-9.035590 0.000000
-9.012290 0.000000
-8.988990 0.000000
-8.965690 0.000000
-8.942390 0.000000
-8.919190 0.000000
-8.895890 0.000000
-8.872590 0.000000
-8.849290 0.000000
-8.825990 0.000000
-8.802790 0.000000
-8.779490 0.000000
-8.756190 0.000000
-8.732890 0.000000
-8.709590 0.000000
-8.686390 0.000000
-8.663090 0.000000
-8.639790 0.000000
-8.616490 0.000000
-8.593190 0.000000
-8.569990 0.000000
-8.546690 0.000000
-8.523390 0.000000
-8.500090 0.000000
-8.476790 0.000000
-8.453590 0.000000
-8.430290 0.000000
-8.406990 0.000000
-8.383690 0.000000
-8.360390 0.000000
-8.337190 0.000000
-8.313890 0.000000
-8.290590 0.000000
-8.267290 0.000000
-8.243990 0.000000
-8.220790 0.000000
-8.197490 0.000000
-8.174190 0.000000
-8.150890 0.000000
-8.127590 0.000000
-8.104390 0.000000
-8.081090 0.000000
-8.057790 0.000000
-8.034490 0.000000
-8.011190 0.000000
-7.987990 0.000000
-7.964690 0.000000
-7.941390 0.000000
-7.918090 0.000000
-7.894790 0.000000
-7.871590 0.000000
-7.848290 0.000000
-7.824990 0.000000
-7.801690 0.000000
-7.778390 0.000000
-7.755190 0.000000
-7.731890 0.000000
-7.708590 0.000000
-7.685290 0.000000
-7.661990 0.000000
-7.638790 0.000000
-7.615490 0.000000
-7.592190 0.000000
-7.568890 0.000000
-7.545590 0.000000
-7.522390 0.000000
-7.499090 0.000000
-7.475790 0.000000
-7.452490 0.000000
-7.429190 0.000000
-7.405990 0.000000
-7.382690 0.000000
-7.359390 0.000000
-7.336090 0.000000
-7.312790 0.000000
-7.289590 0.000000
-7.266290 0.000000
-7.242990 0.000000
-7.219690 0.000000
-7.196390 0.000000
-7.173190 0.000000
-7.149890 0.000000
-7.126590 0.000000
-7.103290 0.000000
-7.079990 0.000000
-7.056790 0.000000
-7.033490 0.000000
-7.010190 0.000000
-6.986890 0.000000
-6.963590 0.000000
-6.940390 0.000000
-6.917090 0.000000
-6.893790 0.000000
-6.870490 0.000000
-6.847190 0.000000
-6.823990 0.000000
-6.800690 0.000000
-6.777390 0.000000
-6.754090 0.000000
-6.730790 0.000000
-6.707590 0.000000
-6.684290 0.000000
-6.660990 0.000000
-6.637690 0.000000
-6.614390 0.000000
-6.591190 0.000000
-6.567890 0.000000
-6.544590 0.000000
-6.521290 0.000000
-6.497990 0.000000
-6.474790 0.000000
-6.451490 0.000000
-6.428190 0.000000
-6.404890 0.000000
-6.381590 0.000000
-6.358390 0.000000
-6.335090 0.000000
-6.311790 0.000000
-6.288490 0.000000
-6.265190 0.000000
-6.241990 0.000000
-6.218690 0.000000
-6.195390 0.000000
-6.172090 0.000000
-6.148790 0.000000
-6.125590 0.000000
-6.102290 0.000000
-6.078990 0.000000
-6.055690 0.000000
-6.032390 0.000000
-6.009190 0.000000
-5.985890 0.000000
-5.962590 0.000000
-5.939290 0.000000
-5.915990 0.000000
-5.892790 0.000000
-5.869490 0.000000
-5.846190 0.000000
-5.822890 5.924800
-5.799590 8.025900
-5.776390 12.004200
-5.753090 13.470400
-5.729790 13.227700
-5.706490 12.946700
-5.683190 12.286900
-5.659990 10.020900
-5.636690 8.777500
-5.613390 8.010900
-5.590090 7.651600
-5.566790 7.983900
-5.543590 8.807900
-5.520290 6.299700
-5.496990 7.734300
-5.473690 9.667800
-5.450390 10.658100
-5.427190 9.481000
-5.403890 8.770600
-5.380590 9.884700
-5.357290 12.008800
-5.333990 13.368300
-5.310790 15.070200
-5.287490 19.587900
-5.264190 19.681600
-5.240890 18.698000
-5.217590 14.648900
-5.194390 13.346100
-5.171090 12.552100
-5.147790 12.131700
-5.124490 12.028600
-5.101190 11.747200
-5.077990 11.239700
-5.054690 11.167800
-5.031390 11.295100
-5.008090 11.903000
-4.984790 12.436300
-4.961590 12.654300
-4.938290 11.703100
-4.914990 10.969000
-4.891690 10.158600
-4.868390 9.564500
-4.845190 7.903300
-4.821890 7.437800
-4.798590 6.256100
-4.775290 4.504600
-4.751990 3.110100
-4.728790 2.103700
-4.705490 1.253500
-4.682190 0.885900
-4.658890 0.622200
-4.635590 0.370800
-4.612390 0.264200
-4.589090 0.134100
-4.565790 0.802100
-4.542490 5.236100
-4.519190 7.159900
-4.495990 8.138400
-4.472690 9.482600
-4.449390 16.590500
-4.426090 18.267400
-4.402790 21.451800
-4.379590 22.670200
-4.356290 26.247400
-4.332990 30.093100
-4.309690 20.243000
-4.286390 16.776900
-4.263190 25.780600
-4.239890 22.967100
-4.216590 17.089900
-4.193290 11.032900
-4.169990 9.606700
-4.146790 12.435800
-4.123490 9.892800
-4.100190 8.906000
-4.076890 8.636400
-4.053590 6.849600
-4.030390 5.084600
-4.007090 2.907600
-3.983790 0.878000
-3.960490 0.543200
-3.937190 0.580300
-3.913990 0.576200
-3.890690 0.503700
-3.867390 0.519900
-3.844090 0.552100
-3.820790 0.591400
-3.797590 0.652100
-3.774290 1.349300
-3.750990 4.850900
-3.727690 6.935800
-3.704390 6.810200
-3.681190 5.432700
-3.657890 4.867900
-3.634590 4.521900
-3.611290 4.149300
-3.587990 3.626500
-3.564790 3.339800
-3.541490 3.039700
-3.518190 2.991600
-3.494890 3.124000
-3.471590 3.153900
-3.448390 3.242800
-3.425090 3.315800
-3.401790 3.609700
-3.378490 3.769800
-3.355190 3.648900
-3.331990 3.701200
-3.308690 3.448300
-3.285390 3.250800
-3.262090 2.996100
-3.238790 2.911900
-3.215590 2.816000
-3.192290 2.685500
-3.168990 2.594400
-3.145690 2.516900
-3.122390 2.443600
-3.099190 2.358300
-3.075890 2.288200
-3.052590 2.224100
-3.029290 2.169300
-3.005990 2.122800
-2.982790 2.078000
-2.959490 2.038300
-2.936190 2.007600
-2.912890 1.963000
-2.889590 1.907700
-2.866390 1.881600
-2.843090 1.864800
-2.819790 1.850300
-2.796490 1.835700
-2.773190 1.823400
-2.749990 1.811900
-2.726690 1.878500
-2.703390 1.954700
-2.680090 2.109400
-2.656790 2.171200
-2.633590 2.229700
-2.610290 2.228000
-2.586990 2.168000
-2.563690 2.166500
-2.540390 2.150700
-2.517190 2.178200
-2.493890 2.232100
-2.470590 2.308300
-2.447290 2.385000
-2.423990 2.461600
-2.400790 2.494800
-2.377490 2.487800
-2.354190 2.529000
-2.330890 2.588700
-2.307590 2.680400
-2.284390 2.809400
-2.261090 2.971700
-2.237790 3.091000
-2.214490 3.067600
-2.191190 3.051000
-2.167990 3.056000
-2.144690 3.109400
-2.121390 3.232400
-2.098090 3.298200
-2.074790 3.297000
-2.051590 3.300400
-2.028290 3.336900
-2.004990 3.363900
-1.981690 3.401500
-1.958390 3.436000
-1.935190 3.497500
-1.911890 3.609100
-1.888590 3.558200
-1.865290 3.471700
-1.841990 3.360900
-1.818790 3.240800
-1.795490 3.109400
-1.772190 2.967500
-1.748890 2.940500
-1.725590 3.023900
-1.702390 3.050000
-1.679090 3.066700
-1.655790 3.163300
-1.632490 3.255700
-1.609190 3.270000
-1.585990 3.411900
-1.562690 3.507800
-1.539390 3.696900
-1.516090 3.760700
-1.492790 3.858200
-1.469590 3.643700
-1.446290 3.606200
-1.422990 3.655100
-1.399690 4.000600
-1.376390 3.884700
-1.353190 3.975900
-1.329890 4.094500
-1.306590 4.148400
-1.283290 4.587400
-1.259990 4.921100
-1.236790 5.029900
-1.213490 5.292400
-1.190190 5.580000
-1.166890 6.164000
-1.143590 5.992700
-1.120390 6.002900
-1.097090 6.282800
-1.073790 6.251300
-1.050490 6.040200
-1.027190 5.899000
-1.003990 5.602600
-0.980690 5.327000
-0.957390 5.122100
-0.934090 4.953200
-0.910790 4.817900
-0.887590 4.698900
-0.864290 4.606300
-0.840990 4.541300
-0.817690 4.497500
-0.794390 4.325800
-0.771190 4.041200
-0.747890 3.836500
-0.724590 3.622600
-0.701290 3.430300
-0.677990 3.271500
-0.654790 3.124500
-0.631490 2.969900
-0.608190 2.827400
-0.584890 2.708600
-0.561590 2.595700
-0.538390 2.484800
-0.515090 2.382100
-0.491790 2.287700
-0.468490 2.203000
-0.445190 2.107100
-0.421990 2.007100
-0.398690 1.922900
-0.375390 1.883400
-0.352090 1.792600
-0.328790 1.693500
-0.305590 1.592800
-0.282290 1.500300
-0.258990 1.416800
-0.235690 1.336900
-0.212390 1.244800
-0.189190 1.149000
-0.165890 1.040900
-0.142590 0.935900
-0.119290 0.841000
-0.095990 0.702000
-0.072790 0.509400
-0.049490 0.386600
-0.026190 0.239000
-0.002890 0.005200
0.020410 0.000000
0.043610 0.000000
0.066910 0.000000
0.090210 0.000000
0.113510 0.000000
0.136810 0.000000
0.160010 0.000000
0.183310 0.000000
0.206610 0.000000
0.229910 0.000000
0.253210 0.000000
0.276410 0.000000
0.299710 0.000000
0.323010 0.000000
0.346310 0.000000
0.369610 0.000000
0.392810 0.000000
0.416110 0.000000
0.439410 0.000000
0.462710 0.000000
0.486010 0.000000
0.509210 0.000000
0.532510 0.000000
0.555810 0.000000
0.579110 0.000000
0.602410 0.000000
0.625610 0.000000
0.648910 0.000000
0.672210 0.000000
0.695510 0.000000
0.718810 0.000000
0.742010 0.000000
0.765310 0.000200
0.788610 0.000600
0.811910 0.001200
0.835210 0.002000
0.858410 0.002900
0.881710 0.004100
0.905010 0.005500
0.928310 0.007100
0.951610 0.008900
0.974810 0.011200
0.998110 0.014400
1.021410 0.016200
1.044710 0.017800
1.068010 0.019300
1.091210 0.020600
1.114510 0.021700
1.137810 0.022600
1.161110 0.023700
1.184410 0.025400
1.207610 0.027100
1.230910 0.028800
1.254210 0.030600
1.277510 0.032400
1.300810 0.034300
1.324010 0.036200
1.347310 0.038100
1.370610 0.040100
1.393910 0.042100
1.417210 0.044000
1.440410 0.045900
1.463710 0.047800
1.487010 0.049800
1.510310 0.052100
1.533610 0.054400
1.556810 0.056600
1.580110 0.058800
1.603410 0.060900
1.626710 0.063000
1.650010 0.065100
1.673210 0.067300
1.696510 0.069500
1.719810 0.071600
1.743110 0.073800
1.766410 0.076000
1.789610 0.078300
1.812910 0.080800
1.836210 0.083400
1.859510 0.086200
1.882810 0.089100
1.906010 0.091900
1.929310 0.094600
1.952610 0.097200
1.975910 0.099800
1.999210 0.102400
2.022410 0.105000
2.045710 0.107600
2.069010 0.110200
2.092310 0.112800
2.115610 0.115400
2.138810 0.117900
2.162110 0.121000
2.185410 0.124000
2.208710 0.127000
2.232010 0.130000
2.255210 0.133100
2.278510 0.136100
2.301810 0.139200
2.325110 0.142300
2.348410 0.145400
2.371610 0.148600
2.394910 0.151700
2.418210 0.154800
2.441510 0.157800
2.464810 0.160900
2.488010 0.163900
2.511310 0.167200
2.534610 0.170600
2.557910 0.174100
2.581210 0.177600
2.604410 0.181200
2.627710 0.184700
2.651010 0.188100
2.674310 0.191600
2.697610 0.195100
2.720810 0.198500
2.744110 0.202000
2.767410 0.205500
2.790710 0.209000
2.814010 0.212500
2.837210 0.216100
2.860510 0.219700
2.883810 0.223400
2.907110 0.227500
2.930410 0.231600
2.953610 0.235500
2.976910 0.239500
3.000210 0.243500
3.023510 0.247600
3.046810 0.251600
3.070010 0.255600
3.093310 0.259600
3.116610 0.263700
3.139910 0.267700
3.163210 0.271700
3.186410 0.275700
3.209710 0.279700
3.233010 0.283800
3.256310 0.288000
3.279610 0.292600
3.302810 0.297200
3.326110 0.301800
3.349410 0.306400
3.372710 0.311000
3.396010 0.315700
3.419210 0.320300
3.442510 0.325000
3.465810 0.329700
3.489110 0.334400
3.512410 0.339100
3.535610 0.343800
3.558910 0.348500
3.582210 0.353200
3.605510 0.357900
3.628810 0.362800
3.652010 0.367900
3.675310 0.373200
3.698610 0.378600
3.721910 0.384000
3.745210 0.389300
3.768410 0.394600
3.791710 0.400000
3.815010 0.405400
3.838310 0.410900
3.861610 0.416600
3.884810 0.422300
3.908110 0.428000
3.931410 0.433700
3.954710 0.439300
3.978010 0.444900
4.001210 0.450600
4.024510 0.456600
4.047810 0.463000
4.071110 0.469400
4.094410 0.475800
4.117610 0.482200
4.140910 0.488600
4.164210 0.495100
4.187510 0.501600
4.210810 0.508200
4.234010 0.514800
4.257310 0.521600
4.280610 0.528500
4.303910 0.535600
4.327210 0.542800
4.350410 0.549800
4.373710 0.557000
4.397010 0.564200
4.420310 0.572100
4.443610 0.580400
4.466810 0.588800
4.490110 0.597300
4.513410 0.605700
4.536710 0.613800
4.560010 0.622100
4.583210 0.630500
4.606510 0.639200
4.629810 0.648200
4.653110 0.657500
4.676410 0.667100
4.699610 0.676500
4.722910 0.686100
4.746210 0.695900
4.769510 0.705800
4.792810 0.716500
4.816010 0.728100
4.839310 0.739800
4.862610 0.751800
4.885910 0.764500
4.909210 0.778000
4.932410 0.792200
4.955710 0.806800
4.979010 0.820900
5.002310 0.835200
5.025610 0.849800
5.048810 0.866300
5.072110 0.886000
5.095410 0.907800
5.118710 0.928800
5.142010 0.945700
5.165210 0.961200
5.188510 0.977700
5.211810 1.001200
5.235110 1.027200
5.258410 1.055600
5.281610 1.086300
5.304910 1.119600
5.328210 1.155300
5.351510 1.193000
5.374810 1.236200
5.398010 1.301900
5.421310 1.265100
5.444610 1.264000
5.467910 1.259100
5.491210 1.250200
5.514410 1.251000
5.537710 1.256200
5.561010 1.254600
5.584310 1.279500
5.607610 1.256500
5.630810 1.195800
5.654110 1.180500
5.677410 1.165000
5.700710 1.152200
5.724010 1.142400
5.747210 1.133900
5.770510 1.126800
5.793810 1.120400
5.817110 1.114400
5.840410 1.109000
5.863610 1.105600
5.886910 1.103200
5.910210 1.100700
5.933510 1.099300
5.956810 1.089700
5.980010 1.084300
6.003310 1.079300
6.026610 1.074700
6.049910 1.070100
6.073210 1.061900
6.096410 1.058700
6.119710 1.058900
6.143010 1.059100
6.166310 1.059500
6.189610 1.060400
6.212810 1.060500
6.236110 1.059100
6.259410 1.057000
6.282710 1.054800
6.306010 1.052400
6.329210 1.048300
6.352510 1.043600
6.375810 1.038600
6.399110 1.034000
6.422410 1.030600
6.445610 1.028100
6.468910 1.028100
6.492210 1.030100
6.515510 1.033500
6.538810 1.036200
6.562010 1.038700
6.585310 1.040300
6.608610 1.041900
6.631910 1.044000
6.655210 1.045600
6.678410 1.049200
6.701710 1.055300
6.725010 1.064600
6.748310 1.070900
6.771610 1.058600
6.794810 1.066300
6.818110 1.083200
6.841410 1.100200
6.864710 1.113500
6.888010 1.121200
6.911210 1.121200
6.934510 1.113900
6.957810 1.105000
6.981110 1.098500
7.004410 1.091400
7.027610 1.084400
7.050910 1.078400
7.074210 1.072500
7.097510 1.065600
7.120810 1.058100
7.144010 1.051600
7.167310 1.049800
7.190610 1.056100
7.213910 1.066600
7.237210 1.118800
7.260410 1.073800
7.283710 1.053600
7.307010 1.046300
7.330310 1.035600
7.353610 1.019900
7.376810 1.014900
7.400110 1.009400
7.423410 0.992800
7.446710 0.982400
7.470010 0.995100
7.493210 0.986900
7.516510 1.016300
7.539810 1.365500
7.563110 1.415600
7.586410 1.406300
7.609610 1.572600
7.632910 0.780800
7.656210 0.920500
7.679510 0.660800
7.702810 0.760500
7.726010 0.867100
7.749310 0.899200
7.772610 0.892600
7.795910 0.910800
7.819210 0.925400
7.842410 0.944200
7.865710 0.980800
7.889010 1.020000
7.912310 1.058900
7.935610 1.100700
7.958810 1.151900
7.982110 1.218000
8.005410 1.305700
8.028710 1.405900
8.052010 1.580700
8.075210 2.689400
8.098510 3.240500
8.121810 2.948600
8.145110 2.797000
8.168410 2.876100
8.191610 2.916400
8.214910 3.047300
8.238210 3.270900
8.261510 4.312500
8.284810 5.385000
8.308010 5.887900
8.331310 6.215600
8.354610 6.011400
8.377910 5.592700
8.401210 5.422200
8.424410 4.924300
8.447710 3.960500
8.471010 3.583700
8.494310 3.297700
8.517610 3.019200
8.540810 2.674700
8.564110 2.422300
8.587410 2.235800
8.610710 2.101500
8.634010 1.979400
8.657210 1.860500
8.680510 1.757600
8.703810 1.724200
8.727110 1.625500
8.750410 1.556500
8.773610 1.499000
8.796910 1.447100
8.820210 1.397000
8.843510 1.347200
8.866810 1.299300
8.890010 1.239600
8.913310 1.200600
8.936610 1.168400
8.959910 1.141900
8.983210 1.123900
9.006410 1.102600
9.029710 1.078900
9.053010 1.055000
9.076310 1.031400
9.099610 1.011200
9.122810 0.995100
9.146110 0.976400
9.169410 0.958300
9.192710 0.942000
9.216010 0.926600
9.239210 0.910700
9.262510 0.893700
9.285810 0.883500
9.309110 0.874700
9.332410 0.865300
9.355610 0.857500
9.378910 0.854400
9.402210 0.851800
9.425510 0.849100
9.448810 0.846800
9.472010 0.845700
9.495310 0.843400
9.518610 0.840500
9.541910 0.837100
9.565210 0.832700
9.588410 0.829500
9.611710 0.827300
9.635010 0.826300
9.658310 0.826900
9.681610 0.830300
9.704810 0.835800
9.728110 0.842100
9.751410 0.849100
9.774710 0.856700
9.798010 0.864500
9.821210 0.872000
9.844510 0.880100
9.867810 0.888600
9.891110 0.898500
9.914410 0.913700
9.937610 0.927900
9.960910 0.944700
9.984210 0.961900
10.007510 0.980400
10.030810 1.001600
10.054010 1.021300
10.077310 1.038900
10.100610 1.057500
10.123910 1.077100
10.147210 1.109400
10.170410 1.150900
10.193710 1.206300
10.217010 1.267600
10.240310 1.328400
10.263610 1.404700
10.286810 1.499600
10.310110 1.846300
10.333410 2.111600
10.356710 2.456800
10.380010 2.582700
10.403210 2.328900
10.426510 2.186400
10.449810 2.105900
10.473110 2.032800
10.496410 1.960200
10.519610 1.905200
10.542910 1.871800
10.566210 1.856700
10.589510 1.858600
10.612810 1.877500
10.636010 1.891600
10.659310 1.923800
10.682610 2.032900
10.705910 2.058500
10.729210 1.834800
10.752410 1.736600
10.775710 1.702500
10.799010 1.684500
10.822310 1.669200
10.845610 1.649900
10.868810 1.623800
10.892110 1.599800
10.915410 1.583800
10.938710 1.576900
10.962010 1.566100
10.985210 1.553600
11.008510 1.540400
11.031810 1.529600
11.055110 1.519100
11.078410 1.510400
11.101610 1.506800
11.124910 1.498900
11.148210 1.489700
11.171510 1.481500
11.194810 1.469700
11.218010 1.458900
11.241310 1.450000
11.264610 1.434700
11.287910 1.421400
11.311210 1.411800
11.334410 1.404400
11.357710 1.399700
11.381010 1.393100
11.404310 1.389900
11.427610 1.386900
11.450810 1.385400
11.474110 1.386600
11.497410 1.393000
11.520710 1.402400
11.544010 1.414300
11.567210 1.511400
11.590510 1.432900
11.613810 1.423300
11.637110 1.412000
11.660410 1.407900
11.683610 1.411200
11.706910 1.418700
11.730210 1.427200
11.753510 1.435900
11.776810 1.450900
11.800010 1.454800
11.823310 1.463600
11.846610 1.476700
11.869910 1.487900
11.893210 1.500700
11.916410 1.519800
11.939710 1.535900
11.963010 1.553100
11.986310 1.569200
12.009610 1.591400
12.032810 1.611200
12.056110 1.633500
12.079410 1.652500
12.102710 1.673600
12.126010 1.717100
12.149210 1.815800
12.172510 1.944700
12.195810 2.028200
12.219110 2.060500
12.242410 2.141200
12.265610 2.034100
12.288910 1.905900
12.312210 1.852900
12.335510 1.805700
12.358810 1.677600
12.382010 1.620400
12.405310 1.483500
12.428610 1.435900
12.451910 1.411600
12.475210 1.409800
12.498410 1.402500
12.521710 1.401600
12.545010 1.422300
12.568310 1.451100
12.591610 1.471900
12.614810 1.482700
12.638110 1.494400
12.661410 1.508300
12.684710 1.527200
12.708010 1.821200
12.731210 1.837100
12.754510 1.941300
12.777810 1.850300
12.801110 1.789400
12.824410 1.894500
12.847610 1.874700
12.870910 1.991800
12.894210 2.901600
12.917510 2.966900
12.940810 2.896100
12.964010 2.856700
12.987310 2.890000
13.010610 2.745900
13.033910 2.525600
13.057210 2.511400
13.080410 2.485900
13.103710 2.454800
13.127010 2.590200
13.150310 2.400800
13.173610 2.201400
13.196810 1.991200
13.220110 1.915500
13.243410 1.870400
13.266710 1.851800
13.290010 1.834100
13.313210 1.813400
13.336510 1.803500
13.359810 1.806500
13.383110 1.807800
13.406410 1.809900
13.429610 1.817500
13.452910 1.826500
13.476210 1.847100
13.499510 1.857700
13.522810 1.873400
13.546010 1.893000
13.569310 1.923000
13.592610 1.949500
13.615910 1.987800
13.639210 2.038200
13.662410 2.103100
13.685710 2.191700
13.709010 2.335700
13.732310 2.514900
13.755610 2.760500
13.778810 2.906600
13.802110 2.918500
13.825410 3.163900
13.848710 3.400600
13.872010 2.434100
13.895210 2.142100
13.918510 1.946400
13.941810 1.870400
13.965110 1.795500
13.988410 1.720800
14.011610 1.674500
14.034910 1.619800
14.058210 1.541300
14.081510 1.459700
14.104810 1.389000
14.128010 1.324900
14.151310 1.267600
14.174610 1.215300
14.197910 1.172900
14.221210 1.135900
14.244410 1.101500
14.267710 1.069900
14.291010 1.039900
14.314310 1.012200
14.337610 0.985300
14.360810 0.960300
14.384110 0.937200
14.407410 0.915700
14.430710 0.897100
14.454010 0.886800
14.477210 0.881200
14.500510 0.878000
14.523810 0.880300
14.547110 0.886000
14.570410 0.893800
14.593610 0.902300
14.616910 0.908300
14.640210 0.913200
14.663510 0.918200
14.686810 0.927000
14.710010 0.932100
14.733310 0.936900
14.756610 0.942400
14.779910 1.017700
14.803210 1.003900
14.826410 0.899300
14.849710 0.858800
14.873010 0.838800
14.896310 0.831200
14.919610 0.847400
14.942810 0.871500
14.966110 0.840400
14.989410 0.836600
15.012710 0.870500
15.036010 0.918900
15.059210 0.980000
15.082510 1.079400
15.105810 1.300200
15.129110 1.477100
15.152410 1.494900
15.175610 1.562800
15.198910 1.652200
15.222210 1.823500
15.245510 2.053400
15.268810 2.178100
15.292010 2.214300
15.315310 2.293900
15.338610 2.320000
15.361910 2.345500
15.385210 2.419200
15.408410 2.481300
15.431710 2.387000
15.455010 2.067000
15.478310 1.846100
15.501610 1.663200
15.524810 1.471600
15.548110 1.319900
15.571410 1.032500
15.594710 0.937900
15.618010 0.906700
15.641210 0.883600
15.664510 0.878400
15.687810 0.865500
15.711110 0.853800
15.734410 0.840500
15.757610 0.821800
15.780910 0.797900
15.804210 0.773400
15.827510 0.750200
15.850810 0.740700
15.874010 0.731200
15.897310 0.717800
15.920610 0.710500
15.943910 0.705700
15.967210 0.703200
15.990410 0.703300
16.013710 0.704900
16.037010 0.702800
16.060310 0.713100
16.083610 0.708200
16.106810 0.704400
16.130110 0.702200
16.153410 0.701600
16.176710 0.703000
16.200010 0.694600
16.223210 0.698100
16.246510 0.702100
16.269810 0.706500
16.293110 0.711400
16.316410 0.717800
16.339610 0.732300
16.362910 0.741400
16.386210 0.745300
16.409510 0.748400
16.432810 0.751700
16.456010 0.755200
16.479310 0.749500
16.502610 0.755400
16.525910 0.761300
16.549210 0.767400
16.572410 0.774200
16.595710 0.781200
16.619010 0.787900
16.642310 0.794500
16.665610 0.801500
16.688810 0.809100
16.712110 0.818100
16.735410 0.828900
16.758710 0.841200
16.782010 0.855400
16.805210 0.869900
16.828510 0.884500
16.851810 0.899700
16.875110 0.915700
16.898410 0.932600
16.921610 0.950300
16.944910 0.969100
16.968210 0.992200
16.991510 1.022100
17.014810 1.048900
17.038010 1.079800
17.061310 1.114800
17.084610 1.154300
17.107910 1.200400
17.131210 1.255300
17.154410 1.333700
17.177710 1.396100
17.201010 1.420000
17.224310 1.408400
17.247610 1.361300
17.270810 1.317400
17.294110 1.287200
17.317410 1.271600
17.340710 1.261000
17.364010 1.253500
17.387210 1.239800
17.410510 1.224900
17.433810 1.215800
17.457110 1.217200
17.480410 1.207000
17.503610 1.179400
17.526910 1.154400
17.550210 1.135300
17.573510 1.116900
17.596810 1.098300
17.620010 1.083400
17.643310 1.072100
17.666610 1.064200
17.689910 1.059700
17.713210 1.055000
17.736410 1.049300
17.759710 1.043500
17.783010 1.035900
17.806310 1.018800
17.829610 1.005600
17.852810 0.993500
17.876110 0.983400
17.899410 0.978400
17.922710 0.989900
17.946010 0.986100
17.969210 0.997400
17.992510 1.060000
18.015810 1.077300
18.039110 1.074700
18.062410 1.146800
18.085610 1.227000
18.108910 1.242200
18.132210 1.190300
18.155510 1.128000
18.178810 1.090900
18.202010 0.934600
18.225310 0.823600
18.248610 0.731600
18.271910 0.699600
18.295210 0.677300
18.318410 0.657200
18.341710 0.640800
18.365010 0.632100
18.388310 0.630200
18.411610 0.612300
18.434810 0.591500
18.458110 0.582200
18.481410 0.574900
18.504710 0.568400
18.528010 0.562000
18.551210 0.556400
18.574510 0.552100
18.597810 0.550300
18.621110 0.550700
18.644410 0.552200
18.667610 0.554700
18.690910 0.557400
18.714210 0.561100
18.737510 0.567000
18.760810 0.562900
18.784010 0.566800
18.807310 0.581500
18.830610 0.601400
18.853910 0.632600
18.877210 0.661800
18.900410 0.686900
18.923710 0.709400
18.947010 0.735800
18.970310 0.768000
18.993610 0.800700
19.016810 0.835100
19.040110 0.871200
19.063410 0.923700
19.086710 1.101700
19.110010 1.192400
19.133210 1.224000
19.156510 1.283200
19.179810 1.338700
19.203110 1.405300
19.226410 1.366300
19.249610 1.392200
19.272910 1.419300
19.296210 1.448400
19.319510 1.482500
19.342810 1.522600
19.366010 1.563000
19.389310 1.641600
19.412610 1.795800
19.435910 1.872600
19.459210 1.966800
19.482410 1.962700
19.505710 1.970800
19.529010 1.978300
19.552310 2.009600
19.575610 2.083400
19.598810 2.215700
19.622110 2.097400
19.645410 2.002500
19.668710 1.904600
19.692010 1.827200
19.715210 1.769200
19.738510 1.727000
19.761810 1.684800
19.785110 1.674400
19.808410 1.632400
19.831610 1.595500
19.854910 1.561200
19.878210 1.529800
19.901510 1.496200
19.924810 1.454800
19.948010 1.449300
19.971310 1.450800
19.994610 1.468700
20.017910 1.452500
20.041210 1.448400
20.064410 1.460000
20.087710 1.488900
20.111010 1.502700
20.134310 1.503600
20.157610 1.501200
20.180810 1.497100
20.204110 1.481500
20.227410 1.463500
20.250710 1.463700
20.274010 1.492000
20.297210 1.507200
20.320510 1.523400
20.343810 1.534800
20.367110 1.495000
20.390410 1.498500
20.413610 1.505200
20.436910 1.512000
20.460210 1.519100
20.483510 1.526700
20.506810 1.538100
20.530010 1.551500
20.553310 1.571800
20.576610 1.581000
20.599910 1.583500
20.623210 1.583800
20.646410 1.582600
20.669710 1.595300
20.693010 1.617900
20.716310 1.659000
20.739610 1.703600
20.762810 1.752700
20.786110 1.779300
20.809410 1.784500
20.832710 1.817900
20.856010 1.864300
20.879210 1.894900
20.902510 1.919700
20.925810 1.947300
20.949110 1.994200
20.972410 2.001800
20.995610 1.997500
21.018910 2.041300
21.042210 2.116600
21.065510 2.209400
21.088810 2.259800
21.112010 2.277000
21.135310 2.264300
21.158610 2.298100
21.181910 2.346800
21.205210 2.349700
21.228410 2.247200
21.251710 1.957900
21.275010 1.809500
21.298310 1.729000
21.321610 1.635900
21.344810 1.639200
21.368110 1.592500
21.391410 1.565300
21.414710 1.527900
21.438010 1.433500
21.461210 1.393400
21.484510 1.382100
21.507810 1.382600
21.531110 1.392000
21.554410 1.409500
21.577610 1.433600
21.600910 1.459100
21.624210 1.487300
21.647510 1.530600
21.670810 1.575500
21.694010 1.632700
21.717310 1.686300
21.740610 1.734700
21.763910 1.767600
21.787210 1.797700
21.810410 1.824800
21.833710 1.801500
21.857010 1.764000
21.880310 1.779600
21.903610 1.803100
21.926810 1.815800
21.950110 1.810900
21.973410 1.762600
21.996710 1.756700
22.020010 1.759900
22.043210 1.773200
22.066510 1.802500
22.089810 1.845700
22.113110 1.882200
22.136410 1.900300
22.159610 1.918200
22.182910 1.947500
22.206210 1.978400
22.229510 2.017300
22.252810 2.057300
22.276010 2.158100
22.299310 2.176500
22.322610 2.179600
22.345910 2.181500
22.369210 2.212000
22.392410 2.245600
22.415710 2.255100
22.439010 2.270500
22.462310 2.408000
22.485610 2.468900
22.508810 2.478800
22.532110 2.410600
22.555410 2.205600
22.578710 2.107900
22.602010 2.050800
22.625210 1.998100
22.648510 1.879300
22.671810 1.758800
22.695110 1.711100
22.718410 1.680700
22.741610 1.650600
22.764910 1.632300
22.788210 1.612800
22.811510 1.591200
22.834810 1.576900
22.858010 1.581400
22.881310 1.560200
22.904610 1.520500
22.927910 1.475100
22.951210 1.416900
22.974410 1.347200
22.997710 1.306700
23.021010 1.262400
23.044310 1.219500
23.067610 1.163000
23.090810 1.110600
23.114110 1.070000
23.137410 1.036600
23.160710 0.971100
23.184010 0.875200
23.207210 0.801100
23.230510 0.763000
23.253810 0.730800
23.277110 0.702600
23.300410 0.678400
23.323610 0.693500
23.346910 0.659100
23.370210 0.597300
23.393510 0.563100
23.416810 0.542600
23.440010 0.523500
23.463310 0.506000
23.486610 0.489800
23.509910 0.475100
23.533210 0.461200
23.556410 0.448200
23.579710 0.436000
23.603010 0.424500
23.626310 0.413700
23.649610 0.403600
23.672810 0.394900
23.696110 0.387500
23.719410 0.381900
23.742710 0.378000
23.766010 0.375500
23.789210 0.371500
23.812510 0.371600
23.835810 0.371900
23.859110 0.372200
23.882410 0.371900
23.905610 0.371000
23.928910 0.369500
23.952210 0.374700
23.975510 0.368600
23.998810 0.363900
24.022010 0.331600
24.045310 0.342100
24.068610 0.356000
24.091910 0.373300
24.115210 0.394800
24.138410 0.426800
24.161710 0.463600
24.185010 0.503000
24.208310 0.543800
24.231610 0.577200
24.254810 0.615600
24.278110 0.649000
24.301410 0.693100
24.324710 0.742400
24.348010 0.779100
24.371210 0.790700
24.394510 0.737300
24.417810 0.638200
24.441110 0.511200
24.464410 0.355300
24.487610 0.195700
24.510910 0.100500
24.534210 0.041500
24.557510 0.008500
24.580810 0.000000
24.604010 0.000000
24.627310 0.000000
24.650610 0.000000
24.673910 0.000000
24.697210 0.000000
24.720410 0.000000
24.743710 0.000000
24.767010 0.000000
24.790310 0.000000
24.813610 0.000000
24.836810 0.000000
24.860110 0.000000
24.883410 0.000000
24.906710 0.000000
24.930010 0.000000
24.953210 0.000000
24.976510 0.000000
24.999810 0.000000
25.023110 0.000000
25.046410 0.000000
25.069610 0.000000
25.092910 0.000000
25.116210 0.000000
25.139510 0.000000
25.162810 0.000000
25.186010 0.000000
25.209310 0.000000
25.232610 0.000000
25.255910 0.000000
25.279210 0.000000
25.302410 0.000000
25.325710 0.000000
25.349010 0.000000
25.372310 0.000000
25.395610 0.000000
25.418810 0.000000
25.442110 0.000000
25.465410 0.000000
25.488710 0.000000
25.512010 0.000000
25.535210 0.000000
25.558510 0.000000
25.581810 0.000000
25.605110 0.000000
25.628410 0.000000
25.651610 0.000000
25.674910 0.000000
25.698210 0.000000
25.721510 0.000000
25.744810 0.000000
25.768010 0.000000
25.791310 0.000000
25.814610 0.000000
25.837910 0.000000
25.861210 0.000000
25.884410 0.000000
25.907710 0.000000
25.931010 0.000000
25.954310 0.000000
25.977610 0.000000
26.000810 0.000000
26.024110 0.000000
26.047410 0.000000
26.070710 0.000000
26.094010 0.000000
26.117210 0.000000
26.140510 0.000000
26.163810 0.000000
26.187110 0.000000
26.210410 0.000000
26.233610 0.000000
26.256910 0.000000
26.280210 0.000000
26.303510 0.000000
26.326810 0.000000
26.350010 0.000000
26.373310 0.000000
26.396610 0.000000
26.419910 0.000000
26.443210 0.000000
26.466410 0.000000
26.489710 0.000000
26.513010 0.000000
26.536310 0.000000
26.559610 0.000000
26.582810 0.000000
26.606110 0.000000
26.629410 0.000000
26.652710 0.000000
26.676010 0.000000
26.699210 0.000000
